 249
       -86.0       -85.0       -84.0       -83.0       -82.0       -81.0       -80.0
       -79.0       -78.0       -77.0       -76.0       -75.0       -74.0       -73.0
       -72.0       -71.0       -70.0       -69.0       -68.0       -67.0       -66.0
       -65.0       -64.0       -63.0       -62.0       -61.0       -60.0       -59.0
       -58.0       -57.0       -56.0       -55.0       -54.0       -53.0       -52.0
       -51.0       -50.0       -49.0       -48.0       -47.0       -46.0       -45.0
       -44.0       -43.0       -42.0       -41.0       -40.0       -39.0       -38.0
       -37.0       -36.0       -35.0       -34.0       -33.0       -32.0       -31.0
       -30.0       -29.0       -28.0       -27.0       -26.0       -25.0       -24.0
       -23.0       -22.0       -21.0       -20.0       -19.0       -18.0       -17.0
       -16.0       -15.0       -14.0       -13.0       -12.0       -11.0       -10.0
        -9.0        -8.0        -7.0        -6.0        -5.0        -4.0        -3.0
        -2.0        -1.0         0.0         1.0         2.0         3.0         4.0
         5.0         6.0         7.0         8.0         9.0        10.0        11.0
        12.0        13.0        14.0        15.0        16.0        17.0        18.0
        19.0        20.0        21.0        22.0        23.0        24.0        25.0
        26.0        27.0        28.0        29.0        30.0        31.0        32.0
        33.0        34.0        35.0        36.0        37.0        38.0        39.0
        40.0        41.0        42.0        43.0        44.0        45.0        46.0
        47.0        48.0        49.0        50.0        51.0        52.0        53.0
        54.0        55.0        56.0        57.0        58.0        59.0        60.0
        61.0        62.0        63.0        64.0        65.0        66.0        67.0
        68.0        69.0        70.0        71.0        72.0        73.0        74.0
        75.0        76.0        77.0        78.0        79.0        80.0        81.0
        82.0        83.0        84.0        85.0        86.0        87.0        88.0
        89.0        90.0        91.0        92.0        93.0        94.0        95.0
        96.0        97.0        98.0        99.0       100.0       101.0       102.0
       103.0       104.0       105.0       106.0       107.0       108.0       109.0
       110.0       111.0       112.0       113.0       114.0       115.0       116.0
       117.0       118.0       119.0       120.0       121.0       122.0       123.0
       124.0       125.0       126.0       127.0       128.0       129.0       130.0
       131.0       132.0       133.0       134.0       135.0       136.0       137.0
       138.0       139.0       140.0       141.0       142.0       143.0       144.0
       145.0       146.0       147.0       148.0       149.0       150.0       151.0
       152.0       153.0       154.0       155.0       156.0       157.0       158.0
       159.0       160.0       161.0       162.0
   0.1441797   0.1342938   0.1273339   0.1231213   0.1217249   0.1230167   0.1178323
   0.1172083   0.1223623   0.1332877   0.1489737   0.1675555   0.1878537   0.2091828
   0.2308080   0.2518615   0.2716904   0.2900344   0.3069167   0.3225267   0.3367744
   0.3495929   0.3611119   0.3716164   0.3813841   0.3905175   0.3990928   0.4071672
   0.4148195   0.4221456   0.4293493   0.4368413   0.4450460   0.4541701   0.4642472
   0.4752506   0.4871593   0.4999714   0.5136564   0.5282466   0.5438037   0.5602570
   0.5773349   0.5945127   0.6111375   0.6268603   0.6415999   0.6555387   0.6690659
   0.6823260   0.6952831   0.7076740   0.7191484   0.7295915   0.7392083   0.7485234
   0.7580154   0.7677461   0.7774494   0.7864101   0.7938355   0.7994162   0.8033589
   0.8064395   0.8097092   0.8136336   0.8182089   0.8229460   0.8272115   0.8307932
   0.8339198   0.8372574   0.8412494   0.8458904   0.8507657   0.8550333   0.8583040
   0.8605536   0.8620662   0.8634152   0.8648762   0.8664960   0.8681967   0.8697406
   0.8709651   0.8717527   0.8720211   0.8716420   0.8705182   0.8685664   0.8657493
   0.8619590   0.8570307   0.8508962   0.8436601   0.8355529   0.8268684   0.8177840
   0.8084485   0.7989932   0.7895601   0.7802794   0.7713044   0.7628404   0.7549697
   0.7477171   0.7410300   0.7348400   0.7292756   0.7244144   0.7201979   0.7164180
   0.7128307   0.7092700   0.7055823   0.7014677   0.6963840   0.6899789   0.6820856
   0.6726197   0.6618034   0.6498294   0.6369245   0.6233262   0.6092372   0.5948824
   0.5806175   0.5669709   0.5543669   0.5428844   0.5322593   0.5217672   0.5106625
   0.4985312   0.4851830   0.4704617   0.4542051   0.4363334   0.4168868   0.3959634
   0.3739685   0.3512658   0.3282696   0.3054223   0.2829220   0.2608267   0.2391136
   0.2175440   0.1955892   0.1729282   0.1493918   0.1249497   0.1000298   0.0750383
   0.0503250   0.0263311   0.0035753  -0.0174982  -0.0365327  -0.0531662  -0.0675252
  -0.0798519  -0.0906511  -0.1007363  -0.1106997  -0.1208742  -0.1315778  -0.1432060
  -0.1559227  -0.1696868  -0.1842857  -0.1994245  -0.2151035  -0.2312991  -0.2478707
  -0.2645599  -0.2809756  -0.2969534  -0.3125580  -0.3281478  -0.3440884  -0.3605306
  -0.3774593  -0.3948185  -0.4127493  -0.4313673  -0.4507526  -0.4709770  -0.4916995
  -0.5126455  -0.5336161  -0.5545490  -0.5755022  -0.5965597  -0.6178243  -0.6397117
  -0.6631535  -0.6887516  -0.7167810  -0.7473538  -0.7800013  -0.8142902  -0.8497570
  -0.8858504  -0.9219509  -0.9574250  -0.9914981  -1.0230787  -1.0515971  -1.0769013
  -1.0993276  -1.1195930  -1.1381462  -1.1551870  -1.1710167  -1.1860165  -1.2004715
  -1.2144371  -1.2279324  -1.2409303  -1.2534912  -1.2656041  -1.2772603  -1.2884429
  -1.2991849  -1.3094958  -1.3194262  -1.3290661  -1.3385103  -1.3477679  -1.3568222
  -1.3655945  -1.3739262  -1.3817114  -1.3889425  -1.3957098  -1.4022165  -1.4085504
  -1.4147312  -1.4207216  -1.4266346  -1.4324800  -1.4381894  -1.4435320  -1.4463326
  -1.4494012  -1.4527179  -1.4561045  -1.4594562
   0.0000000   0.0000000   0.0000000   0.0000000   0.0000000   0.0000000   0.0000000
   0.0000000   0.0000000   0.0000000   0.0000000   0.0000000   0.0000000   0.0000000
   0.0000000   0.0000000   0.0000000   0.0000000   0.0000000   0.0000000   0.0000000
   0.0000000   0.0000000   0.0000000   0.0000000   0.0000000   0.0000000   0.0000000
   0.0000000   0.0000000   0.0000000   0.0000000   0.0000000   0.0000000   0.0000000
   0.0000000   0.0000000   0.0000000   0.0000000   0.0000000   0.0000000   0.0000000
   0.0000000   0.0000000   0.0000000   0.0000000   0.0000000   0.0000000   0.0000000
   0.0000000   0.0000000   0.0000000   0.0000000   0.0000000   0.0000000   0.0000000
   0.0000000   0.0000000   0.0000000   0.0000000   0.0000000   0.0000000   0.0000000
   0.0000000   0.0000000   0.0000000   0.0000000   0.0000000   0.0000000   0.0000000
   0.0000000   0.0000000   0.0000000   0.0000000   0.0000000   0.0000000   0.0000000
   0.0000000   0.0000000   0.0000000   0.0000000   0.0000000   0.0000000   0.0000000
   0.0000000   0.0000000   0.0000000   0.0000000   0.0000000   0.0000000   0.0000000
   0.0000000   0.0000000   0.0000000   0.0000000   0.0000000   0.0000000   0.0000000
   0.0000000   0.0000000   0.0000000   0.0000000   0.0000000   0.0000000   0.0000000
   0.0000000   0.0000000   0.0000000   0.0000000   0.0000000   0.0000000   0.0000000
   0.0000000   0.0000000   0.0000000   0.0000000   0.0000000   0.0000000   0.0000000
   0.0000000   0.0000000   0.0000000   0.0000000   0.0000000   0.0000000   0.0000000
   0.0000000   0.0000000   0.0000000   0.0000000   0.0000000   0.0000000   0.0000000
   0.0000000   0.0000000   0.0000000   0.0000000   0.0000000   0.0000000   0.0000000
   0.0000000   0.0000000   0.0000000   0.0000000   0.0000000   0.0000000   0.0000000
   0.0000000   0.0000000   0.0000000   0.0000000   0.0000000   0.0000000   0.0000000
   0.0000000   0.0000000   0.0000000   0.0000000   0.0000000   0.0000000   0.0000000
   0.0000000   0.0000000   0.0000000   0.0000000   0.0000000   0.0000000   0.0000000
   0.0000000   0.0000000   0.0000000   0.0000000   0.0000000   0.0000000   0.0000000
   0.0000000   0.0000000   0.0000000   0.0000000   0.0000000   0.0000000   0.0000000
   0.0000000   0.0000000   0.0000000   0.0000000   0.0000000   0.0000000   0.0000000
   0.0000000   0.0000000   0.0000000   0.0000000   0.0000000   0.0000000   0.0000000
   0.0000000   0.0000000   0.0000000   0.0000000   0.0000000   0.0000000   0.0000000
   0.0000000   0.0000000   0.0000000   0.0000000   0.0000000   0.0000000   0.0000000
   0.0000000   0.0000000   0.0000000   0.0000000   0.0000000   0.0000000   0.0000000
   0.0000000   0.0000000   0.0000000   0.0000000   0.0000000   0.0000000   0.0000000
   0.0000000   0.0000000   0.0000000   0.0000000   0.0000000   0.0000000   0.0000000
   0.0000000   0.0000000   0.0000000   0.0000000   0.0000000   0.0000000   0.0000000
   0.0000000   0.0000000   0.0000000   0.0000000   0.0000000   0.0000000   0.0000000
   0.0000000   0.0000000   0.0000000   0.0000000
  -0.2669734  -0.2564123  -0.2485239  -0.2435041  -0.2419961  -0.2439223  -0.2398947
  -0.2406005  -0.2462657  -0.2563861  -0.2699340  -0.2854056  -0.3019571  -0.3189592
  -0.3355168  -0.3503704  -0.3628695  -0.3730058  -0.3813506  -0.3889859  -0.3962313
  -0.4031634  -0.4098912  -0.4166394  -0.4238721  -0.4317862  -0.4403368  -0.4493091
  -0.4585866  -0.4681692  -0.4781449  -0.4887151  -0.4998449  -0.5114038  -0.5231631
  -0.5348059  -0.5461855  -0.5572576  -0.5680488  -0.5787053  -0.5894674  -0.6004623
  -0.6117422  -0.6232717  -0.6347803  -0.6460684  -0.6570355  -0.6676628  -0.6780355
  -0.6881219  -0.6977872  -0.7067547  -0.7148456  -0.7220364  -0.7285081  -0.7346379
  -0.7407245  -0.7468227  -0.7528335  -0.7584157  -0.7630818  -0.7666009  -0.7690370
  -0.7707840  -0.7725224  -0.7745827  -0.7770076  -0.7795543  -0.7818517  -0.7838050
  -0.7856221  -0.7878475  -0.7908965  -0.7948079  -0.7992578  -0.8035398  -0.8071882
  -0.8100743  -0.8123412  -0.8143864  -0.8164558  -0.8185981  -0.8207294  -0.8226065
  -0.8240630  -0.8250362  -0.8255706  -0.8257762  -0.8256815  -0.8252655  -0.8245010
  -0.8233361  -0.8218201  -0.8200004  -0.8179450  -0.8157206  -0.8133085  -0.8107093
  -0.8079779  -0.8052386  -0.8026486  -0.8002859  -0.7981558  -0.7962139  -0.7944175
  -0.7927927  -0.7914192  -0.7905009  -0.7903751  -0.7911469  -0.7926527  -0.7943642
  -0.7955938  -0.7959103  -0.7950850  -0.7928646  -0.7888396  -0.7827251  -0.7744208
  -0.7639233  -0.7516447  -0.7380021  -0.7235585  -0.7091018  -0.6952746  -0.6824710
  -0.6709742  -0.6610328  -0.6526938  -0.6458199  -0.6400000  -0.6344673  -0.6285832
  -0.6219796  -0.6143961  -0.6055231  -0.5950807  -0.5830108  -0.5695085  -0.5550066
  -0.5400842  -0.5251152  -0.5103763  -0.4960604  -0.4822893  -0.4690594  -0.4562462
  -0.4433929  -0.4295128  -0.4140344  -0.3967678  -0.3779140  -0.3584130  -0.3389136
  -0.3197891  -0.3012627  -0.2834721  -0.2667560  -0.2516916  -0.2392383  -0.2297908
  -0.2232446  -0.2188902  -0.2154143  -0.2119730  -0.2082158  -0.2039841  -0.1992374
  -0.1938941  -0.1879447  -0.1814476  -0.1744722  -0.1670022  -0.1590562  -0.1507394
  -0.1422251  -0.1337128  -0.1252690  -0.1168489  -0.1082332  -0.0992165  -0.0896794
  -0.0795728  -0.0687837  -0.0570816  -0.0443150  -0.0304393  -0.0154169   0.0007414
   0.0179063   0.0357650   0.0536995   0.0707620   0.0863967   0.1004030   0.1129341
   0.1245714   0.1356796   0.1464915   0.1572281   0.1681790   0.1796478   0.1920605
   0.2060617   0.2217978   0.2390752   0.2573699   0.2757942   0.2936743   0.3106604
   0.3266027   0.3415644   0.3558708   0.3697634   0.3834726   0.3972640   0.4112069
   0.4253345   0.4397447   0.4546253   0.4700096   0.4857523   0.5015424   0.5168775
   0.5314728   0.5452157   0.5581487   0.5704614   0.5823510   0.5939018   0.6051791
   0.6162046   0.6268702   0.6370834   0.6468410   0.6562186   0.6653504   0.6742503
   0.6828587   0.6910377   0.6988457   0.7062894   0.7133534   0.7198866   0.7232932
   0.7267871   0.7303656   0.7339419   0.7374948
   0.0000000   0.0000000   0.0000000   0.0000000   0.0000000   0.0000000   0.0000000
   0.0000000   0.0000000   0.0000000   0.0000000   0.0000000   0.0000000   0.0000000
   0.0000000   0.0000000   0.0000000   0.0000000   0.0000000   0.0000000   0.0000000
   0.0000000   0.0000000   0.0000000   0.0000000   0.0000000   0.0000000   0.0000000
   0.0000000   0.0000000   0.0000000   0.0000000   0.0000000   0.0000000   0.0000000
   0.0000000   0.0000000   0.0000000   0.0000000   0.0000000   0.0000000   0.0000000
   0.0000000   0.0000000   0.0000000   0.0000000   0.0000000   0.0000000   0.0000000
   0.0000000   0.0000000   0.0000000   0.0000000   0.0000000   0.0000000   0.0000000
   0.0000000   0.0000000   0.0000000   0.0000000   0.0000000   0.0000000   0.0000000
   0.0000000   0.0000000   0.0000000   0.0000000   0.0000000   0.0000000   0.0000000
   0.0000000   0.0000000   0.0000000   0.0000000   0.0000000   0.0000000   0.0000000
   0.0000000   0.0000000   0.0000000   0.0000000   0.0000000   0.0000000   0.0000000
   0.0000000   0.0000000   0.0000000   0.0000000   0.0000000   0.0000000   0.0000000
   0.0000000   0.0000000   0.0000000   0.0000000   0.0000000   0.0000000   0.0000000
   0.0000000   0.0000000   0.0000000   0.0000000   0.0000000   0.0000000   0.0000000
   0.0000000   0.0000000   0.0000000   0.0000000   0.0000000   0.0000000   0.0000000
   0.0000000   0.0000000   0.0000000   0.0000000   0.0000000   0.0000000   0.0000000
   0.0000000   0.0000000   0.0000000   0.0000000   0.0000000   0.0000000   0.0000000
   0.0000000   0.0000000   0.0000000   0.0000000   0.0000000   0.0000000   0.0000000
   0.0000000   0.0000000   0.0000000   0.0000000   0.0000000   0.0000000   0.0000000
   0.0000000   0.0000000   0.0000000   0.0000000   0.0000000   0.0000000   0.0000000
   0.0000000   0.0000000   0.0000000   0.0000000   0.0000000   0.0000000   0.0000000
   0.0000000   0.0000000   0.0000000   0.0000000   0.0000000   0.0000000   0.0000000
   0.0000000   0.0000000   0.0000000   0.0000000   0.0000000   0.0000000   0.0000000
   0.0000000   0.0000000   0.0000000   0.0000000   0.0000000   0.0000000   0.0000000
   0.0000000   0.0000000   0.0000000   0.0000000   0.0000000   0.0000000   0.0000000
   0.0000000   0.0000000   0.0000000   0.0000000   0.0000000   0.0000000   0.0000000
   0.0000000   0.0000000   0.0000000   0.0000000   0.0000000   0.0000000   0.0000000
   0.0000000   0.0000000   0.0000000   0.0000000   0.0000000   0.0000000   0.0000000
   0.0000000   0.0000000   0.0000000   0.0000000   0.0000000   0.0000000   0.0000000
   0.0000000   0.0000000   0.0000000   0.0000000   0.0000000   0.0000000   0.0000000
   0.0000000   0.0000000   0.0000000   0.0000000   0.0000000   0.0000000   0.0000000
   0.0000000   0.0000000   0.0000000   0.0000000   0.0000000   0.0000000   0.0000000
   0.0000000   0.0000000   0.0000000   0.0000000   0.0000000   0.0000000   0.0000000
   0.0000000   0.0000000   0.0000000   0.0000000   0.0000000   0.0000000   0.0000000
   0.0000000   0.0000000   0.0000000   0.0000000
  -1.9795026  -1.9816169  -1.9831766  -1.9840701  -1.9841819  -1.9834903  -1.9839389
  -1.9825960  -1.9792931  -1.9740284  -1.9669297  -1.9581355  -1.9478817  -1.9363226
  -1.9236981  -1.9102676  -1.8961903  -1.8815877  -1.8666629  -1.8517388  -1.8372476
  -1.8234262  -1.8103318  -1.7978776  -1.7859911  -1.7746634  -1.7638803  -1.7535978
  -1.7437067  -1.7340591  -1.7243898  -1.7141877  -1.7030162  -1.6906499  -1.6770231
  -1.6620631  -1.6457362  -1.6280019  -1.6088767  -1.5882183  -1.5656917  -1.5411932
  -1.5149653  -1.4875705  -1.4599070  -1.4324446  -1.4053126  -1.3781832  -1.3503288
  -1.3215308  -1.2920939  -1.2629359  -1.2352507  -1.2095385  -1.1855639  -1.1623148
  -1.1385415  -1.1139824  -1.0892333  -1.0661067  -1.0471183  -1.0332469  -1.0238156
  -1.0161769  -1.0066159  -0.9934308  -0.9766651  -0.9580054  -0.9395905  -0.9220495
  -0.9045572  -0.8846673  -0.8605939  -0.8323196  -0.8015970  -0.7721176  -0.7465083
  -0.7255567  -0.7085113  -0.6931588  -0.6781975  -0.6631551  -0.6479680  -0.6326489
  -0.6162313  -0.5979267  -0.5771117  -0.5531196  -0.5263003  -0.4970052  -0.4656032
  -0.4322689  -0.3967835  -0.3592615  -0.3203982  -0.2813970  -0.2429613  -0.2053007
  -0.1682568  -0.1314293  -0.0952188  -0.0601345  -0.0266254   0.0047955   0.0341390
   0.0613227   0.0862723   0.1087091   0.1281155   0.1443538   0.1579562   0.1701775
   0.1822494   0.1947574   0.2079339   0.2219206   0.2373107   0.2545203   0.2737984
   0.2953007   0.3185347   0.3429602   0.3679194   0.3925323   0.4161515   0.4383205
   0.4586557   0.4767373   0.4924506   0.5059501   0.5178028   0.5290697   0.5406032
   0.5528329   0.5660124   0.5803576   0.5960310   0.6130080   0.6310689   0.6498001
   0.6687320   0.6875079   0.7058001   0.7232450   0.7396136   0.7548097   0.7688906
   0.7820871   0.7947960   0.8072470   0.8196221   0.8320289   0.8442820   0.8561919
   0.8676515   0.8785660   0.8888716   0.8984139   0.9069806   0.9142169   0.9199900
   0.9243175   0.9274433   0.9297979   0.9316629   0.9331516   0.9343576   0.9353430
   0.9361594   0.9368120   0.9373076   0.9376555   0.9379446   0.9382061   0.9384241
   0.9385067   0.9383262   0.9378190   0.9369970   0.9359251   0.9347024   0.9333394
   0.9317749   0.9298149   0.9272711   0.9240508   0.9201724   0.9156880   0.9106258
   0.9049488   0.8986017   0.8914163   0.8833349   0.8743149   0.8643664   0.8533788
   0.8410449   0.8271845   0.8118266   0.7951000   0.7772597   0.7584799   0.7389432
   0.7188337   0.6984440   0.6780518   0.6579815   0.6386476   0.6203570   0.6031905
   0.5869795   0.5712088   0.5552173   0.5386437   0.5213123   0.5031526   0.4843220
   0.4649510   0.4451170   0.4248253   0.4041991   0.3834373   0.3628364   0.3427448
   0.3231339   0.3038917   0.2848240   0.2655832   0.2459375   0.2258263   0.2052759
   0.1844427   0.1638280   0.1438035   0.1245841   0.1062026   0.0883163   0.0707325
   0.0533702   0.0361787   0.0190255   0.0017469  -0.0159362  -0.0340607  -0.0426206
  -0.0521157  -0.0625106  -0.0734075  -0.0846075
   0.0000000   0.0000000   0.0000000   0.0000000   0.0000000   0.0000000   0.0000000
   0.0000000   0.0000000   0.0000000   0.0000000   0.0000000   0.0000000   0.0000000
   0.0000000   0.0000000   0.0000000   0.0000000   0.0000000   0.0000000   0.0000000
   0.0000000   0.0000000   0.0000000   0.0000000   0.0000000   0.0000000   0.0000000
   0.0000000   0.0000000   0.0000000   0.0000000   0.0000000   0.0000000   0.0000000
   0.0000000   0.0000000   0.0000000   0.0000000   0.0000000   0.0000000   0.0000000
   0.0000000   0.0000000   0.0000000   0.0000000   0.0000000   0.0000000   0.0000000
   0.0000000   0.0000000   0.0000000   0.0000000   0.0000000   0.0000000   0.0000000
   0.0000000   0.0000000   0.0000000   0.0000000   0.0000000   0.0000000   0.0000000
   0.0000000   0.0000000   0.0000000   0.0000000   0.0000000   0.0000000   0.0000000
   0.0000000   0.0000000   0.0000000   0.0000000   0.0000000   0.0000000   0.0000000
   0.0000000   0.0000000   0.0000000   0.0000000   0.0000000   0.0000000   0.0000000
   0.0000000   0.0000000   0.0000000   0.0000000   0.0000000   0.0000000   0.0000000
   0.0000000   0.0000000   0.0000000   0.0000000   0.0000000   0.0000000   0.0000000
   0.0000000   0.0000000   0.0000000   0.0000000   0.0000000   0.0000000   0.0000000
   0.0000000   0.0000000   0.0000000   0.0000000   0.0000000   0.0000000   0.0000000
   0.0000000   0.0000000   0.0000000   0.0000000   0.0000000   0.0000000   0.0000000
   0.0000000   0.0000000   0.0000000   0.0000000   0.0000000   0.0000000   0.0000000
   0.0000000   0.0000000   0.0000000   0.0000000   0.0000000   0.0000000   0.0000000
   0.0000000   0.0000000   0.0000000   0.0000000   0.0000000   0.0000000   0.0000000
   0.0000000   0.0000000   0.0000000   0.0000000   0.0000000   0.0000000   0.0000000
   0.0000000   0.0000000   0.0000000   0.0000000   0.0000000   0.0000000   0.0000000
   0.0000000   0.0000000   0.0000000   0.0000000   0.0000000   0.0000000   0.0000000
   0.0000000   0.0000000   0.0000000   0.0000000   0.0000000   0.0000000   0.0000000
   0.0000000   0.0000000   0.0000000   0.0000000   0.0000000   0.0000000   0.0000000
   0.0000000   0.0000000   0.0000000   0.0000000   0.0000000   0.0000000   0.0000000
   0.0000000   0.0000000   0.0000000   0.0000000   0.0000000   0.0000000   0.0000000
   0.0000000   0.0000000   0.0000000   0.0000000   0.0000000   0.0000000   0.0000000
   0.0000000   0.0000000   0.0000000   0.0000000   0.0000000   0.0000000   0.0000000
   0.0000000   0.0000000   0.0000000   0.0000000   0.0000000   0.0000000   0.0000000
   0.0000000   0.0000000   0.0000000   0.0000000   0.0000000   0.0000000   0.0000000
   0.0000000   0.0000000   0.0000000   0.0000000   0.0000000   0.0000000   0.0000000
   0.0000000   0.0000000   0.0000000   0.0000000   0.0000000   0.0000000   0.0000000
   0.0000000   0.0000000   0.0000000   0.0000000   0.0000000   0.0000000   0.0000000
   0.0000000   0.0000000   0.0000000   0.0000000   0.0000000   0.0000000   0.0000000
   0.0000000   0.0000000   0.0000000   0.0000000
   0.5914028   0.5952035   0.5979469   0.5996307   0.6000522   0.5992659   0.6009584
   0.6008819   0.5993854   0.5969019   0.5938430   0.5905988   0.5872398   0.5838508
   0.5806796   0.5781630   0.5765580   0.5758129   0.5755629   0.5751242   0.5742316
   0.5728372   0.5710113   0.5688646   0.5662584   0.5630829   0.5593115   0.5549278
   0.5499430   0.5443293   0.5380528   0.5310179   0.5232685   0.5148701   0.5059500
   0.4966264   0.4869134   0.4767696   0.4661502   0.4548720   0.4425853   0.4291239
   0.4145386   0.3991131   0.3835058   0.3681340   0.3532113   0.3387643   0.3245914
   0.3106958   0.2972929   0.2848770   0.2738536   0.2642956   0.2558735   0.2478570
   0.2396814   0.2312250   0.2226706   0.2146047   0.2077975   0.2025346   0.1985785
   0.1949959   0.1903801   0.1840200   0.1758268   0.1662193   0.1558341   0.1448633
   0.1331056   0.1198843   0.1047983   0.0880052   0.0702904   0.0531604   0.0377939
   0.0245790   0.0132306   0.0027548  -0.0076626  -0.0184632  -0.0299054  -0.0423615
  -0.0566925  -0.0734163  -0.0926942  -0.1143627  -0.1374323  -0.1611564  -0.1849393
  -0.2082714  -0.2310179  -0.2529334  -0.2735508  -0.2920915  -0.3082279  -0.3220547
  -0.3341929  -0.3457390  -0.3571374  -0.3684265  -0.3795115  -0.3901625  -0.4004836
  -0.4104493  -0.4199173  -0.4284842  -0.4354132  -0.4404344  -0.4438401  -0.4466573
  -0.4502811  -0.4555111  -0.4626723  -0.4719650  -0.4838692  -0.4987500  -0.5167721
  -0.5379457  -0.5613942  -0.5862354  -0.6114029  -0.6354539  -0.6574861  -0.6769479
  -0.6934611  -0.7065987  -0.7161516  -0.7222788  -0.7257541  -0.7279806  -0.7300300
  -0.7324051  -0.7353857  -0.7391432  -0.7439000  -0.7497214  -0.7565259  -0.7641046
  -0.7721702  -0.7804882  -0.7887994  -0.7967997  -0.8043699  -0.8114636  -0.8180730
  -0.8242152  -0.8299470  -0.8353138  -0.8404037  -0.8452926  -0.8498437  -0.8539120
  -0.8574044  -0.8602265  -0.8623987  -0.8639109  -0.8647559  -0.8648926  -0.8643379
  -0.8631664  -0.8615770  -0.8599058  -0.8583995  -0.8571592  -0.8562004  -0.8554769
  -0.8549798  -0.8547031  -0.8546234  -0.8547034  -0.8549115  -0.8552119  -0.8555412
  -0.8557842  -0.8558184  -0.8555815  -0.8550628  -0.8542831  -0.8532890  -0.8521001
  -0.8507257  -0.8491425  -0.8473350  -0.8452952  -0.8430414  -0.8405716  -0.8377853
  -0.8346211  -0.8310804  -0.8272349  -0.8233408  -0.8195307  -0.8158217  -0.8120636
  -0.8079477  -0.8033356  -0.7982728  -0.7929599  -0.7875746  -0.7821664  -0.7766748
  -0.7709540  -0.7650905  -0.7592350  -0.7535906  -0.7484328  -0.7438680  -0.7398791
  -0.7363294  -0.7328878  -0.7291488  -0.7248434  -0.7197835  -0.7137644  -0.7067158
  -0.6986422  -0.6896402  -0.6798638  -0.6695034  -0.6587522  -0.6478868  -0.6373035
  -0.6273080  -0.6180317  -0.6094600  -0.6014337  -0.5937425  -0.5862693  -0.5789201
  -0.5716230  -0.5644399  -0.5574024  -0.5504556  -0.5434161  -0.5360517  -0.5282948
  -0.5202284  -0.5120657  -0.5039793  -0.4960194  -0.4881238  -0.4802624  -0.4762463
  -0.4719914  -0.4675337  -0.4630463  -0.4586527
   0.0000000   0.0000000   0.0000000   0.0000000   0.0000000   0.0000000   0.0000000
   0.0000000   0.0000000   0.0000000   0.0000000   0.0000000   0.0000000   0.0000000
   0.0000000   0.0000000   0.0000000   0.0000000   0.0000000   0.0000000   0.0000000
   0.0000000   0.0000000   0.0000000   0.0000000   0.0000000   0.0000000   0.0000000
   0.0000000   0.0000000   0.0000000   0.0000000   0.0000000   0.0000000   0.0000000
   0.0000000   0.0000000   0.0000000   0.0000000   0.0000000   0.0000000   0.0000000
   0.0000000   0.0000000   0.0000000   0.0000000   0.0000000   0.0000000   0.0000000
   0.0000000   0.0000000   0.0000000   0.0000000   0.0000000   0.0000000   0.0000000
   0.0000000   0.0000000   0.0000000   0.0000000   0.0000000   0.0000000   0.0000000
   0.0000000   0.0000000   0.0000000   0.0000000   0.0000000   0.0000000   0.0000000
   0.0000000   0.0000000   0.0000000   0.0000000   0.0000000   0.0000000   0.0000000
   0.0000000   0.0000000   0.0000000   0.0000000   0.0000000   0.0000000   0.0000000
   0.0000000   0.0000000   0.0000000   0.0000000   0.0000000   0.0000000   0.0000000
   0.0000000   0.0000000   0.0000000   0.0000000   0.0000000   0.0000000   0.0000000
   0.0000000   0.0000000   0.0000000   0.0000000   0.0000000   0.0000000   0.0000000
   0.0000000   0.0000000   0.0000000   0.0000000   0.0000000   0.0000000   0.0000000
   0.0000000   0.0000000   0.0000000   0.0000000   0.0000000   0.0000000   0.0000000
   0.0000000   0.0000000   0.0000000   0.0000000   0.0000000   0.0000000   0.0000000
   0.0000000   0.0000000   0.0000000   0.0000000   0.0000000   0.0000000   0.0000000
   0.0000000   0.0000000   0.0000000   0.0000000   0.0000000   0.0000000   0.0000000
   0.0000000   0.0000000   0.0000000   0.0000000   0.0000000   0.0000000   0.0000000
   0.0000000   0.0000000   0.0000000   0.0000000   0.0000000   0.0000000   0.0000000
   0.0000000   0.0000000   0.0000000   0.0000000   0.0000000   0.0000000   0.0000000
   0.0000000   0.0000000   0.0000000   0.0000000   0.0000000   0.0000000   0.0000000
   0.0000000   0.0000000   0.0000000   0.0000000   0.0000000   0.0000000   0.0000000
   0.0000000   0.0000000   0.0000000   0.0000000   0.0000000   0.0000000   0.0000000
   0.0000000   0.0000000   0.0000000   0.0000000   0.0000000   0.0000000   0.0000000
   0.0000000   0.0000000   0.0000000   0.0000000   0.0000000   0.0000000   0.0000000
   0.0000000   0.0000000   0.0000000   0.0000000   0.0000000   0.0000000   0.0000000
   0.0000000   0.0000000   0.0000000   0.0000000   0.0000000   0.0000000   0.0000000
   0.0000000   0.0000000   0.0000000   0.0000000   0.0000000   0.0000000   0.0000000
   0.0000000   0.0000000   0.0000000   0.0000000   0.0000000   0.0000000   0.0000000
   0.0000000   0.0000000   0.0000000   0.0000000   0.0000000   0.0000000   0.0000000
   0.0000000   0.0000000   0.0000000   0.0000000   0.0000000   0.0000000   0.0000000
   0.0000000   0.0000000   0.0000000   0.0000000   0.0000000   0.0000000   0.0000000
   0.0000000   0.0000000   0.0000000   0.0000000
 0.6173282  0.3671081      ! Amplitude Factors
 262.0                     ! Antenna Bearing
 NWTP                      ! Site Code
 41.2419833  -70.1070167   ! Site Lat Lon
 1.0                       ! Degree Resolution
 10.0                      ! Degree Smoothing
 2016 05 12  19 21 49      ! Date Year Mo Day Hr Mn Sec
 Acq4.0
 205E62D4-F0C8-4CD5-BAF1-9428DA86057A   ! UUID
 -44.6      -43.6          ! Phase Corrections
