  31
   1   2.000    1
 0.
 360.0 
   1   4.000    2
 0.
 360.0 
   1   6.000    3
 0.
 360.0 
   1   8.000    4
 0.
 360.0 
   1  10.000    5
 0.
 360.0 
   1  12.000    6
 0.
 360.0 
   1  14.000    7
 0.
 360.0 
   1  16.000    8
 0.
 360.0 
   1  18.000    9
 0.
 360.0 
   1  20.000   10
 0.
 360.0 
   1  22.000   11
 0.
 360.0 
   1  24.000   12
 0.
 360.0 
   1  26.000   13
 0.
 360.0 
   1  28.000   14
 0.
 360.0 
   1  30.000   15
 0.
 360.0 
   1  32.000   16
 0.
 360.0 
   1  34.000   17
 0.
 360.0 
   1  36.000   18
 0.
 360.0 
   1  38.000   19
 0.
 360.0 
   1  40.000   20
 0.
 360.0 
   1  42.000   21
 0.
 360.0 
   1  44.000   22
 0.
 360.0 
   1  46.000   23
 0.
 360.0 
   1  48.000   24
 0.
 360.0 
   1  50.000   25
 0.
 360.0 
   1  52.000   26
 0.
 360.0 
   1  54.000   27
 0.
 360.0 
   1  56.000   28
 0.
 360.0 
   1  58.000   29
 0.
 360.0 
   1  60.000   30
 0.
 360.0 
   1  62.000   31
 0.
 360.0 
