 360
      -179.0      -178.0      -177.0      -176.0      -175.0      -174.0      -173.0
      -172.0      -171.0      -170.0      -169.0      -168.0      -167.0      -166.0
      -165.0      -164.0      -163.0      -162.0      -161.0      -160.0      -159.0
      -158.0      -157.0      -156.0      -155.0      -154.0      -153.0      -152.0
      -151.0      -150.0      -149.0      -148.0      -147.0      -146.0      -145.0
      -144.0      -143.0      -142.0      -141.0      -140.0      -139.0      -138.0
      -137.0      -136.0      -135.0      -134.0      -133.0      -132.0      -131.0
      -130.0      -129.0      -128.0      -127.0      -126.0      -125.0      -124.0
      -123.0      -122.0      -121.0      -120.0      -119.0      -118.0      -117.0
      -116.0      -115.0      -114.0      -113.0      -112.0      -111.0      -110.0
      -109.0      -108.0      -107.0      -106.0      -105.0      -104.0      -103.0
      -102.0      -101.0      -100.0       -99.0       -98.0       -97.0       -96.0
       -95.0       -94.0       -93.0       -92.0       -91.0       -90.0       -89.0
       -88.0       -87.0       -86.0       -85.0       -84.0       -83.0       -82.0
       -81.0       -80.0       -79.0       -78.0       -77.0       -76.0       -75.0
       -74.0       -73.0       -72.0       -71.0       -70.0       -69.0       -68.0
       -67.0       -66.0       -65.0       -64.0       -63.0       -62.0       -61.0
       -60.0       -59.0       -58.0       -57.0       -56.0       -55.0       -54.0
       -53.0       -52.0       -51.0       -50.0       -49.0       -48.0       -47.0
       -46.0       -45.0       -44.0       -43.0       -42.0       -41.0       -40.0
       -39.0       -38.0       -37.0       -36.0       -35.0       -34.0       -33.0
       -32.0       -31.0       -30.0       -29.0       -28.0       -27.0       -26.0
       -25.0       -24.0       -23.0       -22.0       -21.0       -20.0       -19.0
       -18.0       -17.0       -16.0       -15.0       -14.0       -13.0       -12.0
       -11.0       -10.0        -9.0        -8.0        -7.0        -6.0        -5.0
        -4.0        -3.0        -2.0        -1.0         0.0         1.0         2.0
         3.0         4.0         5.0         6.0         7.0         8.0         9.0
        10.0        11.0        12.0        13.0        14.0        15.0        16.0
        17.0        18.0        19.0        20.0        21.0        22.0        23.0
        24.0        25.0        26.0        27.0        28.0        29.0        30.0
        31.0        32.0        33.0        34.0        35.0        36.0        37.0
        38.0        39.0        40.0        41.0        42.0        43.0        44.0
        45.0        46.0        47.0        48.0        49.0        50.0        51.0
        52.0        53.0        54.0        55.0        56.0        57.0        58.0
        59.0        60.0        61.0        62.0        63.0        64.0        65.0
        66.0        67.0        68.0        69.0        70.0        71.0        72.0
        73.0        74.0        75.0        76.0        77.0        78.0        79.0
        80.0        81.0        82.0        83.0        84.0        85.0        86.0
        87.0        88.0        89.0        90.0        91.0        92.0        93.0
        94.0        95.0        96.0        97.0        98.0        99.0       100.0
       101.0       102.0       103.0       104.0       105.0       106.0       107.0
       108.0       109.0       110.0       111.0       112.0       113.0       114.0
       115.0       116.0       117.0       118.0       119.0       120.0       121.0
       122.0       123.0       124.0       125.0       126.0       127.0       128.0
       129.0       130.0       131.0       132.0       133.0       134.0       135.0
       136.0       137.0       138.0       139.0       140.0       141.0       142.0
       143.0       144.0       145.0       146.0       147.0       148.0       149.0
       150.0       151.0       152.0       153.0       154.0       155.0       156.0
       157.0       158.0       159.0       160.0       161.0       162.0       163.0
       164.0       165.0       166.0       167.0       168.0       169.0       170.0
       171.0       172.0       173.0       174.0       175.0       176.0       177.0
       178.0       179.0       180.0
  -0.9998477  -0.9993908  -0.9986295  -0.9975641  -0.9961947  -0.9945219  -0.9925462
  -0.9902681  -0.9876883  -0.9848078  -0.9816272  -0.9781476  -0.9743701  -0.9702957
  -0.9659258  -0.9612617  -0.9563048  -0.9510565  -0.9455186  -0.9396926  -0.9335804
  -0.9271839  -0.9205049  -0.9135455  -0.9063078  -0.8987940  -0.8910065  -0.8829476
  -0.8746197  -0.8660254  -0.8571673  -0.8480481  -0.8386706  -0.8290376  -0.8191520
  -0.8090170  -0.7986355  -0.7880108  -0.7771460  -0.7660444  -0.7547096  -0.7431448
  -0.7313537  -0.7193398  -0.7071068  -0.6946584  -0.6819984  -0.6691306  -0.6560590
  -0.6427876  -0.6293204  -0.6156615  -0.6018150  -0.5877853  -0.5735764  -0.5591929
  -0.5446390  -0.5299193  -0.5150381  -0.5000000  -0.4848096  -0.4694716  -0.4539905
  -0.4383711  -0.4226183  -0.4067366  -0.3907311  -0.3746066  -0.3583679  -0.3420201
  -0.3255682  -0.3090170  -0.2923717  -0.2756374  -0.2588190  -0.2419219  -0.2249511
  -0.2079117  -0.1908090  -0.1736482  -0.1564345  -0.1391731  -0.1218693  -0.1045285
  -0.0871557  -0.0697565  -0.0523360  -0.0348995  -0.0174524   0.0000000   0.0174524
   0.0348995   0.0523360   0.0697565   0.0871557   0.1045285   0.1218693   0.1391731
   0.1564345   0.1736482   0.1908090   0.2079117   0.2249511   0.2419219   0.2588190
   0.2756374   0.2923717   0.3090170   0.3255682   0.3420201   0.3583679   0.3746066
   0.3907311   0.4067366   0.4226183   0.4383711   0.4539905   0.4694716   0.4848096
   0.5000000   0.5150381   0.5299193   0.5446390   0.5591929   0.5735764   0.5877853
   0.6018150   0.6156615   0.6293204   0.6427876   0.6560590   0.6691306   0.6819984
   0.6946584   0.7071068   0.7193398   0.7313537   0.7431448   0.7547096   0.7660444
   0.7771460   0.7880108   0.7986355   0.8090170   0.8191520   0.8290376   0.8386706
   0.8480481   0.8571673   0.8660254   0.8746197   0.8829476   0.8910065   0.8987940
   0.9063078   0.9135455   0.9205049   0.9271839   0.9335804   0.9396926   0.9455186
   0.9510565   0.9563048   0.9612617   0.9659258   0.9702957   0.9743701   0.9781476
   0.9816272   0.9848078   0.9876883   0.9902681   0.9925462   0.9945219   0.9961947
   0.9975641   0.9986295   0.9993908   0.9998477   1.0000000   0.9998477   0.9993908
   0.9986295   0.9975641   0.9961947   0.9945219   0.9925462   0.9902681   0.9876883
   0.9848078   0.9816272   0.9781476   0.9743701   0.9702957   0.9659258   0.9612617
   0.9563048   0.9510565   0.9455186   0.9396926   0.9335804   0.9271839   0.9205049
   0.9135455   0.9063078   0.8987940   0.8910065   0.8829476   0.8746197   0.8660254
   0.8571673   0.8480481   0.8386706   0.8290376   0.8191520   0.8090170   0.7986355
   0.7880108   0.7771460   0.7660444   0.7547096   0.7431448   0.7313537   0.7193398
   0.7071068   0.6946584   0.6819984   0.6691306   0.6560590   0.6427876   0.6293204
   0.6156615   0.6018150   0.5877853   0.5735764   0.5591929   0.5446390   0.5299193
   0.5150381   0.5000000   0.4848096   0.4694716   0.4539905   0.4383711   0.4226183
   0.4067366   0.3907311   0.3746066   0.3583679   0.3420201   0.3255682   0.3090170
   0.2923717   0.2756374   0.2588190   0.2419219   0.2249511   0.2079117   0.1908090
   0.1736482   0.1564345   0.1391731   0.1218693   0.1045285   0.0871557   0.0697565
   0.0523360   0.0348995   0.0174524  -0.0000000  -0.0174524  -0.0348995  -0.0523360
  -0.0697565  -0.0871557  -0.1045285  -0.1218693  -0.1391731  -0.1564345  -0.1736482
  -0.1908090  -0.2079117  -0.2249511  -0.2419219  -0.2588190  -0.2756374  -0.2923717
  -0.3090170  -0.3255682  -0.3420201  -0.3583679  -0.3746066  -0.3907311  -0.4067366
  -0.4226183  -0.4383711  -0.4539905  -0.4694716  -0.4848096  -0.5000000  -0.5150381
  -0.5299193  -0.5446390  -0.5591929  -0.5735764  -0.5877853  -0.6018150  -0.6156615
  -0.6293204  -0.6427876  -0.6560590  -0.6691306  -0.6819984  -0.6946584  -0.7071068
  -0.7193398  -0.7313537  -0.7431448  -0.7547096  -0.7660444  -0.7771460  -0.7880108
  -0.7986355  -0.8090170  -0.8191520  -0.8290376  -0.8386706  -0.8480481  -0.8571673
  -0.8660254  -0.8746197  -0.8829476  -0.8910065  -0.8987940  -0.9063078  -0.9135455
  -0.9205049  -0.9271839  -0.9335804  -0.9396926  -0.9455186  -0.9510565  -0.9563048
  -0.9612617  -0.9659258  -0.9702957  -0.9743701  -0.9781476  -0.9816272  -0.9848078
  -0.9876883  -0.9902681  -0.9925462  -0.9945219  -0.9961947  -0.9975641  -0.9986295
  -0.9993908  -0.9998477  -1.0000000
   0.0000000   0.0000000   0.0000000   0.0000000   0.0000000   0.0000000   0.0000000
   0.0000000   0.0000000   0.0000000   0.0000000   0.0000000   0.0000000   0.0000000
   0.0000000   0.0000000   0.0000000   0.0000000   0.0000000   0.0000000   0.0000000
   0.0000000   0.0000000   0.0000000   0.0000000   0.0000000   0.0000000   0.0000000
   0.0000000   0.0000000   0.0000000   0.0000000   0.0000000   0.0000000   0.0000000
   0.0000000   0.0000000   0.0000000   0.0000000   0.0000000   0.0000000   0.0000000
   0.0000000   0.0000000   0.0000000   0.0000000   0.0000000   0.0000000   0.0000000
   0.0000000   0.0000000   0.0000000   0.0000000   0.0000000   0.0000000   0.0000000
   0.0000000   0.0000000   0.0000000   0.0000000   0.0000000   0.0000000   0.0000000
   0.0000000   0.0000000   0.0000000   0.0000000   0.0000000   0.0000000   0.0000000
   0.0000000   0.0000000   0.0000000   0.0000000   0.0000000   0.0000000   0.0000000
   0.0000000   0.0000000   0.0000000   0.0000000   0.0000000   0.0000000   0.0000000
   0.0000000   0.0000000   0.0000000   0.0000000   0.0000000   0.0000000   0.0000000
   0.0000000   0.0000000   0.0000000   0.0000000   0.0000000   0.0000000   0.0000000
   0.0000000   0.0000000   0.0000000   0.0000000   0.0000000   0.0000000   0.0000000
   0.0000000   0.0000000   0.0000000   0.0000000   0.0000000   0.0000000   0.0000000
   0.0000000   0.0000000   0.0000000   0.0000000   0.0000000   0.0000000   0.0000000
   0.0000000   0.0000000   0.0000000   0.0000000   0.0000000   0.0000000   0.0000000
   0.0000000   0.0000000   0.0000000   0.0000000   0.0000000   0.0000000   0.0000000
   0.0000000   0.0000000   0.0000000   0.0000000   0.0000000   0.0000000   0.0000000
   0.0000000   0.0000000   0.0000000   0.0000000   0.0000000   0.0000000   0.0000000
   0.0000000   0.0000000   0.0000000   0.0000000   0.0000000   0.0000000   0.0000000
   0.0000000   0.0000000   0.0000000   0.0000000   0.0000000   0.0000000   0.0000000
   0.0000000   0.0000000   0.0000000   0.0000000   0.0000000   0.0000000   0.0000000
   0.0000000   0.0000000   0.0000000   0.0000000   0.0000000   0.0000000   0.0000000
   0.0000000   0.0000000   0.0000000   0.0000000   0.0000000   0.0000000   0.0000000
   0.0000000   0.0000000   0.0000000   0.0000000   0.0000000   0.0000000   0.0000000
   0.0000000   0.0000000   0.0000000   0.0000000   0.0000000   0.0000000   0.0000000
   0.0000000   0.0000000   0.0000000   0.0000000   0.0000000   0.0000000   0.0000000
   0.0000000   0.0000000   0.0000000   0.0000000   0.0000000   0.0000000   0.0000000
   0.0000000   0.0000000   0.0000000   0.0000000   0.0000000   0.0000000   0.0000000
   0.0000000   0.0000000   0.0000000   0.0000000   0.0000000   0.0000000   0.0000000
   0.0000000   0.0000000   0.0000000   0.0000000   0.0000000   0.0000000   0.0000000
   0.0000000   0.0000000   0.0000000   0.0000000   0.0000000   0.0000000   0.0000000
   0.0000000   0.0000000   0.0000000   0.0000000   0.0000000   0.0000000   0.0000000
   0.0000000   0.0000000   0.0000000   0.0000000   0.0000000   0.0000000   0.0000000
   0.0000000   0.0000000   0.0000000   0.0000000   0.0000000   0.0000000   0.0000000
   0.0000000   0.0000000   0.0000000   0.0000000   0.0000000   0.0000000   0.0000000
   0.0000000   0.0000000   0.0000000   0.0000000   0.0000000   0.0000000   0.0000000
   0.0000000   0.0000000   0.0000000   0.0000000   0.0000000   0.0000000   0.0000000
   0.0000000   0.0000000   0.0000000   0.0000000   0.0000000   0.0000000   0.0000000
   0.0000000   0.0000000   0.0000000   0.0000000   0.0000000   0.0000000   0.0000000
   0.0000000   0.0000000   0.0000000   0.0000000   0.0000000   0.0000000   0.0000000
   0.0000000   0.0000000   0.0000000   0.0000000   0.0000000   0.0000000   0.0000000
   0.0000000   0.0000000   0.0000000   0.0000000   0.0000000   0.0000000   0.0000000
   0.0000000   0.0000000   0.0000000   0.0000000   0.0000000   0.0000000   0.0000000
   0.0000000   0.0000000   0.0000000   0.0000000   0.0000000   0.0000000   0.0000000
   0.0000000   0.0000000   0.0000000   0.0000000   0.0000000   0.0000000   0.0000000
   0.0000000   0.0000000   0.0000000   0.0000000   0.0000000   0.0000000   0.0000000
   0.0000000   0.0000000   0.0000000   0.0000000   0.0000000   0.0000000   0.0000000
   0.0000000   0.0000000   0.0000000   0.0000000   0.0000000   0.0000000   0.0000000
   0.0000000   0.0000000   0.0000000
   0.0000000   0.0000000   0.0000000   0.0000000   0.0000000   0.0000000   0.0000000
   0.0000000   0.0000000   0.0000000   0.0000000   0.0000000   0.0000000   0.0000000
   0.0000000   0.0000000   0.0000000   0.0000000   0.0000000   0.0000000   0.0000000
   0.0000000   0.0000000   0.0000000   0.0000000   0.0000000   0.0000000   0.0000000
   0.0000000   0.0000000   0.0000000   0.0000000   0.0000000   0.0000000   0.0000000
   0.0000000   0.0000000   0.0000000   0.0000000   0.0000000   0.0000000   0.0000000
   0.0000000   0.0000000   0.0000000   0.0000000   0.0000000   0.0000000   0.0000000
   0.0000000   0.0000000   0.0000000   0.0000000   0.0000000   0.0000000   0.0000000
   0.0000000   0.0000000   0.0000000   0.0000000   0.0000000   0.0000000   0.0000000
   0.0000000   0.0000000   0.0000000   0.0000000   0.0000000   0.0000000   0.0000000
   0.0000000   0.0000000   0.0000000   0.0000000   0.0000000   0.0000000   0.0000000
   0.0000000   0.0000000   0.0000000   0.0000000   0.0000000   0.0000000   0.0000000
   0.0000000   0.0000000   0.0000000   0.0000000   0.0000000   0.0000000   0.0000000
   0.0000000   0.0000000   0.0000000   0.0000000   0.0000000   0.0000000   0.0000000
   0.0000000   0.0000000   0.0000000   0.0000000   0.0000000   0.0000000   0.0000000
   0.0000000   0.0000000   0.0000000   0.0000000   0.0000000   0.0000000   0.0000000
   0.0000000   0.0000000   0.0000000   0.0000000   0.0000000   0.0000000   0.0000000
   0.0000000   0.0000000   0.0000000   0.0000000   0.0000000   0.0000000   0.0000000
   0.0000000   0.0000000   0.0000000   0.0000000   0.0000000   0.0000000   0.0000000
   0.0000000   0.0000000   0.0000000   0.0000000   0.0000000   0.0000000   0.0000000
   0.0000000   0.0000000   0.0000000   0.0000000   0.0000000   0.0000000   0.0000000
   0.0000000   0.0000000   0.0000000   0.0000000   0.0000000   0.0000000   0.0000000
   0.0000000   0.0000000   0.0000000   0.0000000   0.0000000   0.0000000   0.0000000
   0.0000000   0.0000000   0.0000000   0.0000000   0.0000000   0.0000000   0.0000000
   0.0000000   0.0000000   0.0000000   0.0000000   0.0000000   0.0000000   0.0000000
   0.0000000   0.0000000   0.0000000   0.0000000   0.0000000   0.0000000   0.0000000
   0.0000000   0.0000000   0.0000000   0.0000000   0.0000000   0.0000000   0.0000000
   0.0000000   0.0000000   0.0000000   0.0000000   0.0000000   0.0000000   0.0000000
   0.0000000   0.0000000   0.0000000   0.0000000   0.0000000   0.0000000   0.0000000
   0.0000000   0.0000000   0.0000000   0.0000000   0.0000000   0.0000000   0.0000000
   0.0000000   0.0000000   0.0000000   0.0000000   0.0000000   0.0000000   0.0000000
   0.0000000   0.0000000   0.0000000   0.0000000   0.0000000   0.0000000   0.0000000
   0.0000000   0.0000000   0.0000000   0.0000000   0.0000000   0.0000000   0.0000000
   0.0000000   0.0000000   0.0000000   0.0000000   0.0000000   0.0000000   0.0000000
   0.0000000   0.0000000   0.0000000   0.0000000   0.0000000   0.0000000   0.0000000
   0.0000000   0.0000000   0.0000000   0.0000000   0.0000000   0.0000000   0.0000000
   0.0000000   0.0000000   0.0000000   0.0000000   0.0000000   0.0000000   0.0000000
   0.0000000   0.0000000   0.0000000   0.0000000   0.0000000   0.0000000   0.0000000
   0.0000000   0.0000000   0.0000000   0.0000000   0.0000000   0.0000000   0.0000000
   0.0000000   0.0000000   0.0000000   0.0000000   0.0000000   0.0000000   0.0000000
   0.0000000   0.0000000   0.0000000   0.0000000   0.0000000   0.0000000   0.0000000
   0.0000000   0.0000000   0.0000000   0.0000000   0.0000000   0.0000000   0.0000000
   0.0000000   0.0000000   0.0000000   0.0000000   0.0000000   0.0000000   0.0000000
   0.0000000   0.0000000   0.0000000   0.0000000   0.0000000   0.0000000   0.0000000
   0.0000000   0.0000000   0.0000000   0.0000000   0.0000000   0.0000000   0.0000000
   0.0000000   0.0000000   0.0000000   0.0000000   0.0000000   0.0000000   0.0000000
   0.0000000   0.0000000   0.0000000   0.0000000   0.0000000   0.0000000   0.0000000
   0.0000000   0.0000000   0.0000000   0.0000000   0.0000000   0.0000000   0.0000000
   0.0000000   0.0000000   0.0000000   0.0000000   0.0000000   0.0000000   0.0000000
   0.0000000   0.0000000   0.0000000   0.0000000   0.0000000   0.0000000   0.0000000
   0.0000000   0.0000000   0.0000000   0.0000000   0.0000000   0.0000000   0.0000000
   0.0000000   0.0000000   0.0000000
   0.0000000   0.0000000   0.0000000   0.0000000   0.0000000   0.0000000   0.0000000
   0.0000000   0.0000000   0.0000000   0.0000000   0.0000000   0.0000000   0.0000000
   0.0000000   0.0000000   0.0000000   0.0000000   0.0000000   0.0000000   0.0000000
   0.0000000   0.0000000   0.0000000   0.0000000   0.0000000   0.0000000   0.0000000
   0.0000000   0.0000000   0.0000000   0.0000000   0.0000000   0.0000000   0.0000000
   0.0000000   0.0000000   0.0000000   0.0000000   0.0000000   0.0000000   0.0000000
   0.0000000   0.0000000   0.0000000   0.0000000   0.0000000   0.0000000   0.0000000
   0.0000000   0.0000000   0.0000000   0.0000000   0.0000000   0.0000000   0.0000000
   0.0000000   0.0000000   0.0000000   0.0000000   0.0000000   0.0000000   0.0000000
   0.0000000   0.0000000   0.0000000   0.0000000   0.0000000   0.0000000   0.0000000
   0.0000000   0.0000000   0.0000000   0.0000000   0.0000000   0.0000000   0.0000000
   0.0000000   0.0000000   0.0000000   0.0000000   0.0000000   0.0000000   0.0000000
   0.0000000   0.0000000   0.0000000   0.0000000   0.0000000   0.0000000   0.0000000
   0.0000000   0.0000000   0.0000000   0.0000000   0.0000000   0.0000000   0.0000000
   0.0000000   0.0000000   0.0000000   0.0000000   0.0000000   0.0000000   0.0000000
   0.0000000   0.0000000   0.0000000   0.0000000   0.0000000   0.0000000   0.0000000
   0.0000000   0.0000000   0.0000000   0.0000000   0.0000000   0.0000000   0.0000000
   0.0000000   0.0000000   0.0000000   0.0000000   0.0000000   0.0000000   0.0000000
   0.0000000   0.0000000   0.0000000   0.0000000   0.0000000   0.0000000   0.0000000
   0.0000000   0.0000000   0.0000000   0.0000000   0.0000000   0.0000000   0.0000000
   0.0000000   0.0000000   0.0000000   0.0000000   0.0000000   0.0000000   0.0000000
   0.0000000   0.0000000   0.0000000   0.0000000   0.0000000   0.0000000   0.0000000
   0.0000000   0.0000000   0.0000000   0.0000000   0.0000000   0.0000000   0.0000000
   0.0000000   0.0000000   0.0000000   0.0000000   0.0000000   0.0000000   0.0000000
   0.0000000   0.0000000   0.0000000   0.0000000   0.0000000   0.0000000   0.0000000
   0.0000000   0.0000000   0.0000000   0.0000000   0.0000000   0.0000000   0.0000000
   0.0000000   0.0000000   0.0000000   0.0000000   0.0000000   0.0000000   0.0000000
   0.0000000   0.0000000   0.0000000   0.0000000   0.0000000   0.0000000   0.0000000
   0.0000000   0.0000000   0.0000000   0.0000000   0.0000000   0.0000000   0.0000000
   0.0000000   0.0000000   0.0000000   0.0000000   0.0000000   0.0000000   0.0000000
   0.0000000   0.0000000   0.0000000   0.0000000   0.0000000   0.0000000   0.0000000
   0.0000000   0.0000000   0.0000000   0.0000000   0.0000000   0.0000000   0.0000000
   0.0000000   0.0000000   0.0000000   0.0000000   0.0000000   0.0000000   0.0000000
   0.0000000   0.0000000   0.0000000   0.0000000   0.0000000   0.0000000   0.0000000
   0.0000000   0.0000000   0.0000000   0.0000000   0.0000000   0.0000000   0.0000000
   0.0000000   0.0000000   0.0000000   0.0000000   0.0000000   0.0000000   0.0000000
   0.0000000   0.0000000   0.0000000   0.0000000   0.0000000   0.0000000   0.0000000
   0.0000000   0.0000000   0.0000000   0.0000000   0.0000000   0.0000000   0.0000000
   0.0000000   0.0000000   0.0000000   0.0000000   0.0000000   0.0000000   0.0000000
   0.0000000   0.0000000   0.0000000   0.0000000   0.0000000   0.0000000   0.0000000
   0.0000000   0.0000000   0.0000000   0.0000000   0.0000000   0.0000000   0.0000000
   0.0000000   0.0000000   0.0000000   0.0000000   0.0000000   0.0000000   0.0000000
   0.0000000   0.0000000   0.0000000   0.0000000   0.0000000   0.0000000   0.0000000
   0.0000000   0.0000000   0.0000000   0.0000000   0.0000000   0.0000000   0.0000000
   0.0000000   0.0000000   0.0000000   0.0000000   0.0000000   0.0000000   0.0000000
   0.0000000   0.0000000   0.0000000   0.0000000   0.0000000   0.0000000   0.0000000
   0.0000000   0.0000000   0.0000000   0.0000000   0.0000000   0.0000000   0.0000000
   0.0000000   0.0000000   0.0000000   0.0000000   0.0000000   0.0000000   0.0000000
   0.0000000   0.0000000   0.0000000   0.0000000   0.0000000   0.0000000   0.0000000
   0.0000000   0.0000000   0.0000000   0.0000000   0.0000000   0.0000000   0.0000000
   0.0000000   0.0000000   0.0000000   0.0000000   0.0000000   0.0000000   0.0000000
   0.0000000   0.0000000   0.0000000
  -0.0174524  -0.0348995  -0.0523360  -0.0697565  -0.0871557  -0.1045285  -0.1218693
  -0.1391731  -0.1564345  -0.1736482  -0.1908090  -0.2079117  -0.2249511  -0.2419219
  -0.2588190  -0.2756374  -0.2923717  -0.3090170  -0.3255682  -0.3420201  -0.3583679
  -0.3746066  -0.3907311  -0.4067366  -0.4226183  -0.4383711  -0.4539905  -0.4694716
  -0.4848096  -0.5000000  -0.5150381  -0.5299193  -0.5446390  -0.5591929  -0.5735764
  -0.5877853  -0.6018150  -0.6156615  -0.6293204  -0.6427876  -0.6560590  -0.6691306
  -0.6819984  -0.6946584  -0.7071068  -0.7193398  -0.7313537  -0.7431448  -0.7547096
  -0.7660444  -0.7771460  -0.7880108  -0.7986355  -0.8090170  -0.8191520  -0.8290376
  -0.8386706  -0.8480481  -0.8571673  -0.8660254  -0.8746197  -0.8829476  -0.8910065
  -0.8987940  -0.9063078  -0.9135455  -0.9205049  -0.9271839  -0.9335804  -0.9396926
  -0.9455186  -0.9510565  -0.9563048  -0.9612617  -0.9659258  -0.9702957  -0.9743701
  -0.9781476  -0.9816272  -0.9848078  -0.9876883  -0.9902681  -0.9925462  -0.9945219
  -0.9961947  -0.9975641  -0.9986295  -0.9993908  -0.9998477  -1.0000000  -0.9998477
  -0.9993908  -0.9986295  -0.9975641  -0.9961947  -0.9945219  -0.9925462  -0.9902681
  -0.9876883  -0.9848078  -0.9816272  -0.9781476  -0.9743701  -0.9702957  -0.9659258
  -0.9612617  -0.9563048  -0.9510565  -0.9455186  -0.9396926  -0.9335804  -0.9271839
  -0.9205049  -0.9135455  -0.9063078  -0.8987940  -0.8910065  -0.8829476  -0.8746197
  -0.8660254  -0.8571673  -0.8480481  -0.8386706  -0.8290376  -0.8191520  -0.8090170
  -0.7986355  -0.7880108  -0.7771460  -0.7660444  -0.7547096  -0.7431448  -0.7313537
  -0.7193398  -0.7071068  -0.6946584  -0.6819984  -0.6691306  -0.6560590  -0.6427876
  -0.6293204  -0.6156615  -0.6018150  -0.5877853  -0.5735764  -0.5591929  -0.5446390
  -0.5299193  -0.5150381  -0.5000000  -0.4848096  -0.4694716  -0.4539905  -0.4383711
  -0.4226183  -0.4067366  -0.3907311  -0.3746066  -0.3583679  -0.3420201  -0.3255682
  -0.3090170  -0.2923717  -0.2756374  -0.2588190  -0.2419219  -0.2249511  -0.2079117
  -0.1908090  -0.1736482  -0.1564345  -0.1391731  -0.1218693  -0.1045285  -0.0871557
  -0.0697565  -0.0523360  -0.0348995  -0.0174524   0.0000000   0.0174524   0.0348995
   0.0523360   0.0697565   0.0871557   0.1045285   0.1218693   0.1391731   0.1564345
   0.1736482   0.1908090   0.2079117   0.2249511   0.2419219   0.2588190   0.2756374
   0.2923717   0.3090170   0.3255682   0.3420201   0.3583679   0.3746066   0.3907311
   0.4067366   0.4226183   0.4383711   0.4539905   0.4694716   0.4848096   0.5000000
   0.5150381   0.5299193   0.5446390   0.5591929   0.5735764   0.5877853   0.6018150
   0.6156615   0.6293204   0.6427876   0.6560590   0.6691306   0.6819984   0.6946584
   0.7071068   0.7193398   0.7313537   0.7431448   0.7547096   0.7660444   0.7771460
   0.7880108   0.7986355   0.8090170   0.8191520   0.8290376   0.8386706   0.8480481
   0.8571673   0.8660254   0.8746197   0.8829476   0.8910065   0.8987940   0.9063078
   0.9135455   0.9205049   0.9271839   0.9335804   0.9396926   0.9455186   0.9510565
   0.9563048   0.9612617   0.9659258   0.9702957   0.9743701   0.9781476   0.9816272
   0.9848078   0.9876883   0.9902681   0.9925462   0.9945219   0.9961947   0.9975641
   0.9986295   0.9993908   0.9998477   1.0000000   0.9998477   0.9993908   0.9986295
   0.9975641   0.9961947   0.9945219   0.9925462   0.9902681   0.9876883   0.9848078
   0.9816272   0.9781476   0.9743701   0.9702957   0.9659258   0.9612617   0.9563048
   0.9510565   0.9455186   0.9396926   0.9335804   0.9271839   0.9205049   0.9135455
   0.9063078   0.8987940   0.8910065   0.8829476   0.8746197   0.8660254   0.8571673
   0.8480481   0.8386706   0.8290376   0.8191520   0.8090170   0.7986355   0.7880108
   0.7771460   0.7660444   0.7547096   0.7431448   0.7313537   0.7193398   0.7071068
   0.6946584   0.6819984   0.6691306   0.6560590   0.6427876   0.6293204   0.6156615
   0.6018150   0.5877853   0.5735764   0.5591929   0.5446390   0.5299193   0.5150381
   0.5000000   0.4848096   0.4694716   0.4539905   0.4383711   0.4226183   0.4067366
   0.3907311   0.3746066   0.3583679   0.3420201   0.3255682   0.3090170   0.2923717
   0.2756374   0.2588190   0.2419219   0.2249511   0.2079117   0.1908090   0.1736482
   0.1564345   0.1391731   0.1218693   0.1045285   0.0871557   0.0697565   0.0523360
   0.0348995   0.0174524  -0.0000000
   0.0000000   0.0000000   0.0000000   0.0000000   0.0000000   0.0000000   0.0000000
   0.0000000   0.0000000   0.0000000   0.0000000   0.0000000   0.0000000   0.0000000
   0.0000000   0.0000000   0.0000000   0.0000000   0.0000000   0.0000000   0.0000000
   0.0000000   0.0000000   0.0000000   0.0000000   0.0000000   0.0000000   0.0000000
   0.0000000   0.0000000   0.0000000   0.0000000   0.0000000   0.0000000   0.0000000
   0.0000000   0.0000000   0.0000000   0.0000000   0.0000000   0.0000000   0.0000000
   0.0000000   0.0000000   0.0000000   0.0000000   0.0000000   0.0000000   0.0000000
   0.0000000   0.0000000   0.0000000   0.0000000   0.0000000   0.0000000   0.0000000
   0.0000000   0.0000000   0.0000000   0.0000000   0.0000000   0.0000000   0.0000000
   0.0000000   0.0000000   0.0000000   0.0000000   0.0000000   0.0000000   0.0000000
   0.0000000   0.0000000   0.0000000   0.0000000   0.0000000   0.0000000   0.0000000
   0.0000000   0.0000000   0.0000000   0.0000000   0.0000000   0.0000000   0.0000000
   0.0000000   0.0000000   0.0000000   0.0000000   0.0000000   0.0000000   0.0000000
   0.0000000   0.0000000   0.0000000   0.0000000   0.0000000   0.0000000   0.0000000
   0.0000000   0.0000000   0.0000000   0.0000000   0.0000000   0.0000000   0.0000000
   0.0000000   0.0000000   0.0000000   0.0000000   0.0000000   0.0000000   0.0000000
   0.0000000   0.0000000   0.0000000   0.0000000   0.0000000   0.0000000   0.0000000
   0.0000000   0.0000000   0.0000000   0.0000000   0.0000000   0.0000000   0.0000000
   0.0000000   0.0000000   0.0000000   0.0000000   0.0000000   0.0000000   0.0000000
   0.0000000   0.0000000   0.0000000   0.0000000   0.0000000   0.0000000   0.0000000
   0.0000000   0.0000000   0.0000000   0.0000000   0.0000000   0.0000000   0.0000000
   0.0000000   0.0000000   0.0000000   0.0000000   0.0000000   0.0000000   0.0000000
   0.0000000   0.0000000   0.0000000   0.0000000   0.0000000   0.0000000   0.0000000
   0.0000000   0.0000000   0.0000000   0.0000000   0.0000000   0.0000000   0.0000000
   0.0000000   0.0000000   0.0000000   0.0000000   0.0000000   0.0000000   0.0000000
   0.0000000   0.0000000   0.0000000   0.0000000   0.0000000   0.0000000   0.0000000
   0.0000000   0.0000000   0.0000000   0.0000000   0.0000000   0.0000000   0.0000000
   0.0000000   0.0000000   0.0000000   0.0000000   0.0000000   0.0000000   0.0000000
   0.0000000   0.0000000   0.0000000   0.0000000   0.0000000   0.0000000   0.0000000
   0.0000000   0.0000000   0.0000000   0.0000000   0.0000000   0.0000000   0.0000000
   0.0000000   0.0000000   0.0000000   0.0000000   0.0000000   0.0000000   0.0000000
   0.0000000   0.0000000   0.0000000   0.0000000   0.0000000   0.0000000   0.0000000
   0.0000000   0.0000000   0.0000000   0.0000000   0.0000000   0.0000000   0.0000000
   0.0000000   0.0000000   0.0000000   0.0000000   0.0000000   0.0000000   0.0000000
   0.0000000   0.0000000   0.0000000   0.0000000   0.0000000   0.0000000   0.0000000
   0.0000000   0.0000000   0.0000000   0.0000000   0.0000000   0.0000000   0.0000000
   0.0000000   0.0000000   0.0000000   0.0000000   0.0000000   0.0000000   0.0000000
   0.0000000   0.0000000   0.0000000   0.0000000   0.0000000   0.0000000   0.0000000
   0.0000000   0.0000000   0.0000000   0.0000000   0.0000000   0.0000000   0.0000000
   0.0000000   0.0000000   0.0000000   0.0000000   0.0000000   0.0000000   0.0000000
   0.0000000   0.0000000   0.0000000   0.0000000   0.0000000   0.0000000   0.0000000
   0.0000000   0.0000000   0.0000000   0.0000000   0.0000000   0.0000000   0.0000000
   0.0000000   0.0000000   0.0000000   0.0000000   0.0000000   0.0000000   0.0000000
   0.0000000   0.0000000   0.0000000   0.0000000   0.0000000   0.0000000   0.0000000
   0.0000000   0.0000000   0.0000000   0.0000000   0.0000000   0.0000000   0.0000000
   0.0000000   0.0000000   0.0000000   0.0000000   0.0000000   0.0000000   0.0000000
   0.0000000   0.0000000   0.0000000   0.0000000   0.0000000   0.0000000   0.0000000
   0.0000000   0.0000000   0.0000000   0.0000000   0.0000000   0.0000000   0.0000000
   0.0000000   0.0000000   0.0000000   0.0000000   0.0000000   0.0000000   0.0000000
   0.0000000   0.0000000   0.0000000   0.0000000   0.0000000   0.0000000   0.0000000
   0.0000000   0.0000000   0.0000000   0.0000000   0.0000000   0.0000000   0.0000000
   0.0000000   0.0000000   0.0000000
   0.0000000   0.0000000   0.0000000   0.0000000   0.0000000   0.0000000   0.0000000
   0.0000000   0.0000000   0.0000000   0.0000000   0.0000000   0.0000000   0.0000000
   0.0000000   0.0000000   0.0000000   0.0000000   0.0000000   0.0000000   0.0000000
   0.0000000   0.0000000   0.0000000   0.0000000   0.0000000   0.0000000   0.0000000
   0.0000000   0.0000000   0.0000000   0.0000000   0.0000000   0.0000000   0.0000000
   0.0000000   0.0000000   0.0000000   0.0000000   0.0000000   0.0000000   0.0000000
   0.0000000   0.0000000   0.0000000   0.0000000   0.0000000   0.0000000   0.0000000
   0.0000000   0.0000000   0.0000000   0.0000000   0.0000000   0.0000000   0.0000000
   0.0000000   0.0000000   0.0000000   0.0000000   0.0000000   0.0000000   0.0000000
   0.0000000   0.0000000   0.0000000   0.0000000   0.0000000   0.0000000   0.0000000
   0.0000000   0.0000000   0.0000000   0.0000000   0.0000000   0.0000000   0.0000000
   0.0000000   0.0000000   0.0000000   0.0000000   0.0000000   0.0000000   0.0000000
   0.0000000   0.0000000   0.0000000   0.0000000   0.0000000   0.0000000   0.0000000
   0.0000000   0.0000000   0.0000000   0.0000000   0.0000000   0.0000000   0.0000000
   0.0000000   0.0000000   0.0000000   0.0000000   0.0000000   0.0000000   0.0000000
   0.0000000   0.0000000   0.0000000   0.0000000   0.0000000   0.0000000   0.0000000
   0.0000000   0.0000000   0.0000000   0.0000000   0.0000000   0.0000000   0.0000000
   0.0000000   0.0000000   0.0000000   0.0000000   0.0000000   0.0000000   0.0000000
   0.0000000   0.0000000   0.0000000   0.0000000   0.0000000   0.0000000   0.0000000
   0.0000000   0.0000000   0.0000000   0.0000000   0.0000000   0.0000000   0.0000000
   0.0000000   0.0000000   0.0000000   0.0000000   0.0000000   0.0000000   0.0000000
   0.0000000   0.0000000   0.0000000   0.0000000   0.0000000   0.0000000   0.0000000
   0.0000000   0.0000000   0.0000000   0.0000000   0.0000000   0.0000000   0.0000000
   0.0000000   0.0000000   0.0000000   0.0000000   0.0000000   0.0000000   0.0000000
   0.0000000   0.0000000   0.0000000   0.0000000   0.0000000   0.0000000   0.0000000
   0.0000000   0.0000000   0.0000000   0.0000000   0.0000000   0.0000000   0.0000000
   0.0000000   0.0000000   0.0000000   0.0000000   0.0000000   0.0000000   0.0000000
   0.0000000   0.0000000   0.0000000   0.0000000   0.0000000   0.0000000   0.0000000
   0.0000000   0.0000000   0.0000000   0.0000000   0.0000000   0.0000000   0.0000000
   0.0000000   0.0000000   0.0000000   0.0000000   0.0000000   0.0000000   0.0000000
   0.0000000   0.0000000   0.0000000   0.0000000   0.0000000   0.0000000   0.0000000
   0.0000000   0.0000000   0.0000000   0.0000000   0.0000000   0.0000000   0.0000000
   0.0000000   0.0000000   0.0000000   0.0000000   0.0000000   0.0000000   0.0000000
   0.0000000   0.0000000   0.0000000   0.0000000   0.0000000   0.0000000   0.0000000
   0.0000000   0.0000000   0.0000000   0.0000000   0.0000000   0.0000000   0.0000000
   0.0000000   0.0000000   0.0000000   0.0000000   0.0000000   0.0000000   0.0000000
   0.0000000   0.0000000   0.0000000   0.0000000   0.0000000   0.0000000   0.0000000
   0.0000000   0.0000000   0.0000000   0.0000000   0.0000000   0.0000000   0.0000000
   0.0000000   0.0000000   0.0000000   0.0000000   0.0000000   0.0000000   0.0000000
   0.0000000   0.0000000   0.0000000   0.0000000   0.0000000   0.0000000   0.0000000
   0.0000000   0.0000000   0.0000000   0.0000000   0.0000000   0.0000000   0.0000000
   0.0000000   0.0000000   0.0000000   0.0000000   0.0000000   0.0000000   0.0000000
   0.0000000   0.0000000   0.0000000   0.0000000   0.0000000   0.0000000   0.0000000
   0.0000000   0.0000000   0.0000000   0.0000000   0.0000000   0.0000000   0.0000000
   0.0000000   0.0000000   0.0000000   0.0000000   0.0000000   0.0000000   0.0000000
   0.0000000   0.0000000   0.0000000   0.0000000   0.0000000   0.0000000   0.0000000
   0.0000000   0.0000000   0.0000000   0.0000000   0.0000000   0.0000000   0.0000000
   0.0000000   0.0000000   0.0000000   0.0000000   0.0000000   0.0000000   0.0000000
   0.0000000   0.0000000   0.0000000   0.0000000   0.0000000   0.0000000   0.0000000
   0.0000000   0.0000000   0.0000000   0.0000000   0.0000000   0.0000000   0.0000000
   0.0000000   0.0000000   0.0000000   0.0000000   0.0000000   0.0000000   0.0000000
   0.0000000   0.0000000   0.0000000
   0.0000000   0.0000000   0.0000000   0.0000000   0.0000000   0.0000000   0.0000000
   0.0000000   0.0000000   0.0000000   0.0000000   0.0000000   0.0000000   0.0000000
   0.0000000   0.0000000   0.0000000   0.0000000   0.0000000   0.0000000   0.0000000
   0.0000000   0.0000000   0.0000000   0.0000000   0.0000000   0.0000000   0.0000000
   0.0000000   0.0000000   0.0000000   0.0000000   0.0000000   0.0000000   0.0000000
   0.0000000   0.0000000   0.0000000   0.0000000   0.0000000   0.0000000   0.0000000
   0.0000000   0.0000000   0.0000000   0.0000000   0.0000000   0.0000000   0.0000000
   0.0000000   0.0000000   0.0000000   0.0000000   0.0000000   0.0000000   0.0000000
   0.0000000   0.0000000   0.0000000   0.0000000   0.0000000   0.0000000   0.0000000
   0.0000000   0.0000000   0.0000000   0.0000000   0.0000000   0.0000000   0.0000000
   0.0000000   0.0000000   0.0000000   0.0000000   0.0000000   0.0000000   0.0000000
   0.0000000   0.0000000   0.0000000   0.0000000   0.0000000   0.0000000   0.0000000
   0.0000000   0.0000000   0.0000000   0.0000000   0.0000000   0.0000000   0.0000000
   0.0000000   0.0000000   0.0000000   0.0000000   0.0000000   0.0000000   0.0000000
   0.0000000   0.0000000   0.0000000   0.0000000   0.0000000   0.0000000   0.0000000
   0.0000000   0.0000000   0.0000000   0.0000000   0.0000000   0.0000000   0.0000000
   0.0000000   0.0000000   0.0000000   0.0000000   0.0000000   0.0000000   0.0000000
   0.0000000   0.0000000   0.0000000   0.0000000   0.0000000   0.0000000   0.0000000
   0.0000000   0.0000000   0.0000000   0.0000000   0.0000000   0.0000000   0.0000000
   0.0000000   0.0000000   0.0000000   0.0000000   0.0000000   0.0000000   0.0000000
   0.0000000   0.0000000   0.0000000   0.0000000   0.0000000   0.0000000   0.0000000
   0.0000000   0.0000000   0.0000000   0.0000000   0.0000000   0.0000000   0.0000000
   0.0000000   0.0000000   0.0000000   0.0000000   0.0000000   0.0000000   0.0000000
   0.0000000   0.0000000   0.0000000   0.0000000   0.0000000   0.0000000   0.0000000
   0.0000000   0.0000000   0.0000000   0.0000000   0.0000000   0.0000000   0.0000000
   0.0000000   0.0000000   0.0000000   0.0000000   0.0000000   0.0000000   0.0000000
   0.0000000   0.0000000   0.0000000   0.0000000   0.0000000   0.0000000   0.0000000
   0.0000000   0.0000000   0.0000000   0.0000000   0.0000000   0.0000000   0.0000000
   0.0000000   0.0000000   0.0000000   0.0000000   0.0000000   0.0000000   0.0000000
   0.0000000   0.0000000   0.0000000   0.0000000   0.0000000   0.0000000   0.0000000
   0.0000000   0.0000000   0.0000000   0.0000000   0.0000000   0.0000000   0.0000000
   0.0000000   0.0000000   0.0000000   0.0000000   0.0000000   0.0000000   0.0000000
   0.0000000   0.0000000   0.0000000   0.0000000   0.0000000   0.0000000   0.0000000
   0.0000000   0.0000000   0.0000000   0.0000000   0.0000000   0.0000000   0.0000000
   0.0000000   0.0000000   0.0000000   0.0000000   0.0000000   0.0000000   0.0000000
   0.0000000   0.0000000   0.0000000   0.0000000   0.0000000   0.0000000   0.0000000
   0.0000000   0.0000000   0.0000000   0.0000000   0.0000000   0.0000000   0.0000000
   0.0000000   0.0000000   0.0000000   0.0000000   0.0000000   0.0000000   0.0000000
   0.0000000   0.0000000   0.0000000   0.0000000   0.0000000   0.0000000   0.0000000
   0.0000000   0.0000000   0.0000000   0.0000000   0.0000000   0.0000000   0.0000000
   0.0000000   0.0000000   0.0000000   0.0000000   0.0000000   0.0000000   0.0000000
   0.0000000   0.0000000   0.0000000   0.0000000   0.0000000   0.0000000   0.0000000
   0.0000000   0.0000000   0.0000000   0.0000000   0.0000000   0.0000000   0.0000000
   0.0000000   0.0000000   0.0000000   0.0000000   0.0000000   0.0000000   0.0000000
   0.0000000   0.0000000   0.0000000   0.0000000   0.0000000   0.0000000   0.0000000
   0.0000000   0.0000000   0.0000000   0.0000000   0.0000000   0.0000000   0.0000000
   0.0000000   0.0000000   0.0000000   0.0000000   0.0000000   0.0000000   0.0000000
   0.0000000   0.0000000   0.0000000   0.0000000   0.0000000   0.0000000   0.0000000
   0.0000000   0.0000000   0.0000000   0.0000000   0.0000000   0.0000000   0.0000000
   0.0000000   0.0000000   0.0000000   0.0000000   0.0000000   0.0000000   0.0000000
   0.0000000   0.0000000   0.0000000   0.0000000   0.0000000   0.0000000   0.0000000
   0.0000000   0.0000000   0.0000000
   1.0000000   1.0000000		! Amplitude Factors
         0.0            		! Antenna Bearing
