 212
       -66.0       -65.0       -64.0       -63.0       -62.0       -61.0       -60.0
       -59.0       -58.0       -57.0       -56.0       -55.0       -54.0       -53.0
       -52.0       -51.0       -50.0       -49.0       -48.0       -47.0       -46.0
       -45.0       -44.0       -43.0       -42.0       -41.0       -40.0       -39.0
       -38.0       -37.0       -36.0       -35.0       -34.0       -33.0       -32.0
       -31.0       -30.0       -29.0       -28.0       -27.0       -26.0       -25.0
       -24.0       -23.0       -22.0       -21.0       -20.0       -19.0       -18.0
       -17.0       -16.0       -15.0       -14.0       -13.0       -12.0       -11.0
       -10.0        -9.0        -8.0        -7.0        -6.0        -5.0        -4.0
        -3.0        -2.0        -1.0         0.0         1.0         2.0         3.0
         4.0         5.0         6.0         7.0         8.0         9.0        10.0
        11.0        12.0        13.0        14.0        15.0        16.0        17.0
        18.0        19.0        20.0        21.0        22.0        23.0        24.0
        25.0        26.0        27.0        28.0        29.0        30.0        31.0
        32.0        33.0        34.0        35.0        36.0        37.0        38.0
        39.0        40.0        41.0        42.0        43.0        44.0        45.0
        46.0        47.0        48.0        49.0        50.0        51.0        52.0
        53.0        54.0        55.0        56.0        57.0        58.0        59.0
        60.0        61.0        62.0        63.0        64.0        65.0        66.0
        67.0        68.0        69.0        70.0        71.0        72.0        73.0
        74.0        75.0        76.0        77.0        78.0        79.0        80.0
        81.0        82.0        83.0        84.0        85.0        86.0        87.0
        88.0        89.0        90.0        91.0        92.0        93.0        94.0
        95.0        96.0        97.0        98.0        99.0       100.0       101.0
       102.0       103.0       104.0       105.0       106.0       107.0       108.0
       109.0       110.0       111.0       112.0       113.0       114.0       115.0
       116.0       117.0       118.0       119.0       120.0       121.0       122.0
       123.0       124.0       125.0       126.0       127.0       128.0       129.0
       130.0       131.0       132.0       133.0       134.0       135.0       136.0
       137.0       138.0       139.0       140.0       141.0       142.0       143.0
       144.0       145.0
  -0.3216617  -0.3277986  -0.3277986  -0.3375912  -0.3598306  -0.3988210  -0.4125113
  -0.4474494  -0.4544820  -0.4544820  -0.4599363  -0.4728708  -0.5006087  -0.5281823
  -0.5495285  -0.5710861  -0.5892342  -0.6144021  -0.6500593  -0.6579001  -0.6607529
  -0.6647947  -0.6752129  -0.6769634  -0.6769634  -0.6835010  -0.6860875  -0.6906047
  -0.6928249  -0.6945117  -0.6975477  -0.7055132  -0.7163813  -0.7201383  -0.7255238
  -0.7270063  -0.7297869  -0.7371432  -0.7392852  -0.7412017  -0.7412017  -0.7464409
  -0.7499113  -0.7507034  -0.7522398  -0.7545250  -0.7610346  -0.7632950  -0.7637787
  -0.7643104  -0.7658556  -0.7660125  -0.7680197  -0.7684389  -0.7684517  -0.7683184
  -0.7681227  -0.7670681  -0.7667021  -0.7657938  -0.7651705  -0.7625379  -0.7582818
  -0.7562758  -0.7548565  -0.7508914  -0.7488248  -0.7434963  -0.7413904  -0.7354690
  -0.7333912  -0.7313271  -0.7261957  -0.7221404  -0.7210423  -0.7187674  -0.7136762
  -0.7117199  -0.7071200  -0.7004010  -0.6980266  -0.6936029  -0.6884259  -0.6884259
  -0.6806144  -0.6788594  -0.6759853  -0.6678537  -0.6646944  -0.6593679  -0.6560551
  -0.6540646  -0.6491975  -0.6454420  -0.6428995  -0.6388337  -0.6306041  -0.6263538
  -0.6191049  -0.6063675  -0.6012485  -0.5862760  -0.5816242  -0.5738551  -0.5689714
  -0.5640472  -0.5595518  -0.5516262  -0.5445751  -0.5290260  -0.5195716  -0.5027960
  -0.4764090  -0.4626036  -0.4551479  -0.4482414  -0.4425724  -0.4311771  -0.4241683
  -0.4045809  -0.3908077  -0.3846565  -0.3729374  -0.3658876  -0.3559955  -0.3285301
  -0.3213720  -0.3059131  -0.2942923  -0.2661499  -0.2612396  -0.2556185  -0.2401333
  -0.2363588  -0.2245176  -0.1997047  -0.1928350  -0.1826050  -0.1744396  -0.1598565
  -0.1324380  -0.1194116  -0.0791339  -0.0694195  -0.0650517  -0.0595262  -0.0418590
  -0.0386355  -0.0332197  -0.0111657  -0.0039324   0.0066850   0.0156114   0.0214646
   0.0363258   0.0424410   0.0589969   0.0689149   0.0940165   0.1011302   0.1167115
   0.1275008   0.1535425   0.1582418   0.1654410   0.1733747   0.1955045   0.2055209
   0.2128770   0.2357769   0.2423796   0.2497172   0.2687794   0.2751788   0.2807337
   0.2932143   0.3136808   0.3264018   0.3326299   0.3475097   0.3519447   0.3582890
   0.3738535   0.3866205   0.3995851   0.4104032   0.4313276   0.4401860   0.4482328
   0.4540792   0.4563366   0.4664119   0.4764243   0.4874583   0.4977928   0.5284362
   0.5455746   0.5620272   0.5743930   0.5792707   0.5862646   0.6170379   0.6240318
   0.6240318   0.6320080   0.6671033   0.6750795   0.6750795   0.6796989   0.7000240
   0.7046433   0.7046433
   0.0000000   0.0000000   0.0000000   0.0000000   0.0000000   0.0000000   0.0000000
   0.0000000   0.0000000   0.0000000   0.0000000   0.0000000   0.0000000   0.0000000
   0.0000000   0.0000000   0.0000000   0.0000000   0.0000000   0.0000000   0.0000000
   0.0000000   0.0000000   0.0000000   0.0000000   0.0000000   0.0000000   0.0000000
   0.0000000   0.0000000   0.0000000   0.0000000   0.0000000   0.0000000   0.0000000
   0.0000000   0.0000000   0.0000000   0.0000000   0.0000000   0.0000000   0.0000000
   0.0000000   0.0000000   0.0000000   0.0000000   0.0000000   0.0000000   0.0000000
   0.0000000   0.0000000   0.0000000   0.0000000   0.0000000   0.0000000   0.0000000
   0.0000000   0.0000000   0.0000000   0.0000000   0.0000000   0.0000000   0.0000000
   0.0000000   0.0000000   0.0000000   0.0000000   0.0000000   0.0000000   0.0000000
   0.0000000   0.0000000   0.0000000   0.0000000   0.0000000   0.0000000   0.0000000
   0.0000000   0.0000000   0.0000000   0.0000000   0.0000000   0.0000000   0.0000000
   0.0000000   0.0000000   0.0000000   0.0000000   0.0000000   0.0000000   0.0000000
   0.0000000   0.0000000   0.0000000   0.0000000   0.0000000   0.0000000   0.0000000
   0.0000000   0.0000000   0.0000000   0.0000000   0.0000000   0.0000000   0.0000000
   0.0000000   0.0000000   0.0000000   0.0000000   0.0000000   0.0000000   0.0000000
   0.0000000   0.0000000   0.0000000   0.0000000   0.0000000   0.0000000   0.0000000
   0.0000000   0.0000000   0.0000000   0.0000000   0.0000000   0.0000000   0.0000000
   0.0000000   0.0000000   0.0000000   0.0000000   0.0000000   0.0000000   0.0000000
   0.0000000   0.0000000   0.0000000   0.0000000   0.0000000   0.0000000   0.0000000
   0.0000000   0.0000000   0.0000000   0.0000000   0.0000000   0.0000000   0.0000000
   0.0000000   0.0000000   0.0000000   0.0000000   0.0000000   0.0000000   0.0000000
   0.0000000   0.0000000   0.0000000   0.0000000   0.0000000   0.0000000   0.0000000
   0.0000000   0.0000000   0.0000000   0.0000000   0.0000000   0.0000000   0.0000000
   0.0000000   0.0000000   0.0000000   0.0000000   0.0000000   0.0000000   0.0000000
   0.0000000   0.0000000   0.0000000   0.0000000   0.0000000   0.0000000   0.0000000
   0.0000000   0.0000000   0.0000000   0.0000000   0.0000000   0.0000000   0.0000000
   0.0000000   0.0000000   0.0000000   0.0000000   0.0000000   0.0000000   0.0000000
   0.0000000   0.0000000   0.0000000   0.0000000   0.0000000   0.0000000   0.0000000
   0.0000000   0.0000000   0.0000000   0.0000000   0.0000000   0.0000000   0.0000000
   0.0000000   0.0000000
   0.2619670   0.2686723   0.2686723   0.2776059   0.2978786   0.3332730   0.3455490
   0.3765516   0.3827719   0.3827719   0.3871163   0.3975171   0.4206924   0.4441120
   0.4626735   0.4818988   0.4988600   0.5261605   0.5722423   0.5844092   0.5949304
   0.6035218   0.6239559   0.6306042   0.6306042   0.6428677   0.6565560   0.6637927
   0.6699655   0.6742730   0.6813764   0.6968343   0.7138011   0.7192223   0.7254823
   0.7270288   0.7302170   0.7386669   0.7415132   0.7448170   0.7448170   0.7502877
   0.7558828   0.7576528   0.7617265   0.7658321   0.7772223   0.7818760   0.7832868
   0.7863177   0.7921248   0.7947365   0.8022282   0.8046594   0.8076350   0.8087200
   0.8151408   0.8187870   0.8205929   0.8246257   0.8263950   0.8313220   0.8367126
   0.8387273   0.8401559   0.8437697   0.8451944   0.8485540   0.8501747   0.8549427
   0.8562129   0.8570687   0.8585044   0.8600766   0.8601792   0.8597810   0.8605064
   0.8605512   0.8600290   0.8592044   0.8590362   0.8587178   0.8576358   0.8576358
   0.8562571   0.8559240   0.8550312   0.8524792   0.8514245   0.8497050   0.8491310
   0.8480423   0.8449500   0.8438663   0.8425189   0.8398208   0.8335620   0.8301176
   0.8239185   0.8126042   0.8079117   0.7935798   0.7889337   0.7809244   0.7756854
   0.7703590   0.7654967   0.7568507   0.7490432   0.7332584   0.7246596   0.6955778
   0.6873704   0.6756335   0.6693701   0.6635191   0.6585874   0.6472113   0.6415891
   0.6278060   0.6200464   0.6156838   0.6059437   0.5999607   0.5936505   0.5770158
   0.5724956   0.5628426   0.5561609   0.5397846   0.5351112   0.5308308   0.5200511
   0.5180150   0.5115092   0.4940377   0.4899725   0.4847428   0.4788146   0.4675292
   0.4469668   0.4381507   0.4123261   0.4062317   0.4038261   0.4004018   0.3853167
   0.3829590   0.3805161   0.3653736   0.3598565   0.3506717   0.3434144   0.3393292
   0.3286779   0.3231173   0.3067918   0.2977631   0.2742491   0.2662755   0.2464509
   0.2335259   0.2020613   0.1958038   0.1847077   0.1737946   0.1434164   0.1288677
   0.1200493   0.0949561   0.0871617   0.0762543   0.0515492   0.0444379   0.0357839
   0.0293520   0.0070648  -0.0056902  -0.0113363  -0.0245119  -0.0298443  -0.0414838
  -0.0581976  -0.0704275  -0.0827127  -0.0931584  -0.1172991  -0.1287920  -0.1394741
  -0.1473479  -0.1504164  -0.1569136  -0.1638009  -0.1720168  -0.1807384  -0.2168189
  -0.2394053  -0.2614537  -0.2781864  -0.2848257  -0.2945507  -0.3373405  -0.3470654
  -0.3470654  -0.3602056  -0.4180224  -0.4311625  -0.4311625  -0.4366570  -0.4608325
  -0.4663269  -0.4663269
   0.0000000   0.0000000   0.0000000   0.0000000   0.0000000   0.0000000   0.0000000
   0.0000000   0.0000000   0.0000000   0.0000000   0.0000000   0.0000000   0.0000000
   0.0000000   0.0000000   0.0000000   0.0000000   0.0000000   0.0000000   0.0000000
   0.0000000   0.0000000   0.0000000   0.0000000   0.0000000   0.0000000   0.0000000
   0.0000000   0.0000000   0.0000000   0.0000000   0.0000000   0.0000000   0.0000000
   0.0000000   0.0000000   0.0000000   0.0000000   0.0000000   0.0000000   0.0000000
   0.0000000   0.0000000   0.0000000   0.0000000   0.0000000   0.0000000   0.0000000
   0.0000000   0.0000000   0.0000000   0.0000000   0.0000000   0.0000000   0.0000000
   0.0000000   0.0000000   0.0000000   0.0000000   0.0000000   0.0000000   0.0000000
   0.0000000   0.0000000   0.0000000   0.0000000   0.0000000   0.0000000   0.0000000
   0.0000000   0.0000000   0.0000000   0.0000000   0.0000000   0.0000000   0.0000000
   0.0000000   0.0000000   0.0000000   0.0000000   0.0000000   0.0000000   0.0000000
   0.0000000   0.0000000   0.0000000   0.0000000   0.0000000   0.0000000   0.0000000
   0.0000000   0.0000000   0.0000000   0.0000000   0.0000000   0.0000000   0.0000000
   0.0000000   0.0000000   0.0000000   0.0000000   0.0000000   0.0000000   0.0000000
   0.0000000   0.0000000   0.0000000   0.0000000   0.0000000   0.0000000   0.0000000
   0.0000000   0.0000000   0.0000000   0.0000000   0.0000000   0.0000000   0.0000000
   0.0000000   0.0000000   0.0000000   0.0000000   0.0000000   0.0000000   0.0000000
   0.0000000   0.0000000   0.0000000   0.0000000   0.0000000   0.0000000   0.0000000
   0.0000000   0.0000000   0.0000000   0.0000000   0.0000000   0.0000000   0.0000000
   0.0000000   0.0000000   0.0000000   0.0000000   0.0000000   0.0000000   0.0000000
   0.0000000   0.0000000   0.0000000   0.0000000   0.0000000   0.0000000   0.0000000
   0.0000000   0.0000000   0.0000000   0.0000000   0.0000000   0.0000000   0.0000000
   0.0000000   0.0000000   0.0000000   0.0000000   0.0000000   0.0000000   0.0000000
   0.0000000   0.0000000   0.0000000   0.0000000   0.0000000   0.0000000   0.0000000
   0.0000000   0.0000000   0.0000000   0.0000000   0.0000000   0.0000000   0.0000000
   0.0000000   0.0000000   0.0000000   0.0000000   0.0000000   0.0000000   0.0000000
   0.0000000   0.0000000   0.0000000   0.0000000   0.0000000   0.0000000   0.0000000
   0.0000000   0.0000000   0.0000000   0.0000000   0.0000000   0.0000000   0.0000000
   0.0000000   0.0000000   0.0000000   0.0000000   0.0000000   0.0000000   0.0000000
   0.0000000   0.0000000
   1.0197814   1.0161136   1.0161136   1.0098898   0.9956939   0.9702392   0.9607202
   0.9351787   0.9299603   0.9299603   0.9254463   0.9144465   0.8882423   0.8596181
   0.8362873   0.8118280   0.7899032   0.7528600   0.6877638   0.6714862   0.6608827
   0.6487907   0.6172991   0.6067897   0.6067897   0.5860636   0.5645850   0.5441924
   0.5284850   0.5185392   0.5024791   0.4639888   0.4149405   0.3984716   0.3764080
   0.3704462   0.3588106   0.3276104   0.3171325   0.3050168   0.3050168   0.2831149
   0.2607761   0.2531438   0.2347500   0.2174999   0.1692713   0.1469410   0.1395999
   0.1235404   0.0960828   0.0826881   0.0483491   0.0366476   0.0210196   0.0146933
  -0.0211743  -0.0422856  -0.0530425  -0.0779632  -0.0889505  -0.1217149  -0.1622207
  -0.1798663  -0.1915719  -0.2213463  -0.2344728  -0.2662452  -0.2797745  -0.3183028
  -0.3305049  -0.3413957  -0.3659631  -0.3858796  -0.3904898  -0.3982970  -0.4193505
  -0.4267260  -0.4427394  -0.4671372  -0.4752359  -0.4892079  -0.5059076  -0.5059076
  -0.5289058  -0.5342485  -0.5429923  -0.5661604  -0.5750257  -0.5896214  -0.5983801
  -0.6037935  -0.6169941  -0.6265795  -0.6332036  -0.6438860  -0.6654203  -0.6765832
  -0.6955480  -0.7280081  -0.7404883  -0.7752780  -0.7855124  -0.8024654  -0.8125479
  -0.8223450  -0.8308396  -0.8448421  -0.8565667  -0.8791018  -0.8911228  -0.9307097
  -0.9416010  -0.9570250  -0.9649246  -0.9720910  -0.9778806  -0.9892822  -0.9961005
  -1.0143778  -1.0254311  -1.0307157  -1.0411621  -1.0469851  -1.0547234  -1.0758520
  -1.0812139  -1.0922800  -1.1005234  -1.1202371  -1.1232302  -1.1266455  -1.1361896
  -1.1388623  -1.1466631  -1.1601992  -1.1643949  -1.1707576  -1.1746831  -1.1810917
  -1.1929079  -1.1986830  -1.2164654  -1.2206023  -1.2223790  -1.2237199  -1.2291081
  -1.2300946  -1.2317311  -1.2383711  -1.2404309  -1.2431743  -1.2454578  -1.2470762
  -1.2510726  -1.2524783  -1.2558138  -1.2577292  -1.2622774  -1.2634973  -1.2652897
  -1.2657919  -1.2663669  -1.2666653  -1.2663718  -1.2650522  -1.2605031  -1.2577813
  -1.2559266  -1.2530705  -1.2483525  -1.2456114  -1.2392717  -1.2371070  -1.2332965
  -1.2311456  -1.2248545  -1.2204388  -1.2182923  -1.2131533  -1.2115589  -1.2091058
  -1.2029627  -1.1978020  -1.1923968  -1.1876081  -1.1753497  -1.1690351  -1.1630650
  -1.1586185  -1.1568743  -1.1478700  -1.1387565  -1.1284728  -1.1184466  -1.0847925
  -1.0650458  -1.0459487  -1.0315334  -1.0258323  -1.0163105  -0.9744145  -0.9648926
  -0.9648926  -0.9509085  -0.8893783  -0.8753941  -0.8753941  -0.8647686  -0.8180162
  -0.8073907  -0.8073907
   0.0000000   0.0000000   0.0000000   0.0000000   0.0000000   0.0000000   0.0000000
   0.0000000   0.0000000   0.0000000   0.0000000   0.0000000   0.0000000   0.0000000
   0.0000000   0.0000000   0.0000000   0.0000000   0.0000000   0.0000000   0.0000000
   0.0000000   0.0000000   0.0000000   0.0000000   0.0000000   0.0000000   0.0000000
   0.0000000   0.0000000   0.0000000   0.0000000   0.0000000   0.0000000   0.0000000
   0.0000000   0.0000000   0.0000000   0.0000000   0.0000000   0.0000000   0.0000000
   0.0000000   0.0000000   0.0000000   0.0000000   0.0000000   0.0000000   0.0000000
   0.0000000   0.0000000   0.0000000   0.0000000   0.0000000   0.0000000   0.0000000
   0.0000000   0.0000000   0.0000000   0.0000000   0.0000000   0.0000000   0.0000000
   0.0000000   0.0000000   0.0000000   0.0000000   0.0000000   0.0000000   0.0000000
   0.0000000   0.0000000   0.0000000   0.0000000   0.0000000   0.0000000   0.0000000
   0.0000000   0.0000000   0.0000000   0.0000000   0.0000000   0.0000000   0.0000000
   0.0000000   0.0000000   0.0000000   0.0000000   0.0000000   0.0000000   0.0000000
   0.0000000   0.0000000   0.0000000   0.0000000   0.0000000   0.0000000   0.0000000
   0.0000000   0.0000000   0.0000000   0.0000000   0.0000000   0.0000000   0.0000000
   0.0000000   0.0000000   0.0000000   0.0000000   0.0000000   0.0000000   0.0000000
   0.0000000   0.0000000   0.0000000   0.0000000   0.0000000   0.0000000   0.0000000
   0.0000000   0.0000000   0.0000000   0.0000000   0.0000000   0.0000000   0.0000000
   0.0000000   0.0000000   0.0000000   0.0000000   0.0000000   0.0000000   0.0000000
   0.0000000   0.0000000   0.0000000   0.0000000   0.0000000   0.0000000   0.0000000
   0.0000000   0.0000000   0.0000000   0.0000000   0.0000000   0.0000000   0.0000000
   0.0000000   0.0000000   0.0000000   0.0000000   0.0000000   0.0000000   0.0000000
   0.0000000   0.0000000   0.0000000   0.0000000   0.0000000   0.0000000   0.0000000
   0.0000000   0.0000000   0.0000000   0.0000000   0.0000000   0.0000000   0.0000000
   0.0000000   0.0000000   0.0000000   0.0000000   0.0000000   0.0000000   0.0000000
   0.0000000   0.0000000   0.0000000   0.0000000   0.0000000   0.0000000   0.0000000
   0.0000000   0.0000000   0.0000000   0.0000000   0.0000000   0.0000000   0.0000000
   0.0000000   0.0000000   0.0000000   0.0000000   0.0000000   0.0000000   0.0000000
   0.0000000   0.0000000   0.0000000   0.0000000   0.0000000   0.0000000   0.0000000
   0.0000000   0.0000000   0.0000000   0.0000000   0.0000000   0.0000000   0.0000000
   0.0000000   0.0000000
  -0.1616453  -0.1591889  -0.1591889  -0.1554758  -0.1470677  -0.1325546  -0.1276921
  -0.1157853  -0.1134197  -0.1134197  -0.1123369  -0.1097228  -0.1037082  -0.0981418
  -0.0935790  -0.0885202  -0.0834830  -0.0726560  -0.0613835  -0.0424839  -0.0328423
  -0.0263378  -0.0109283  -0.0027569  -0.0027569   0.0065768   0.0237026   0.0338869
   0.0427861   0.0486406   0.0580987   0.0792406   0.1036904   0.1116686   0.1214999
   0.1240215   0.1290630   0.1419178   0.1464660   0.1521156   0.1521156   0.1615465
   0.1717138   0.1749223   0.1817700   0.1882083   0.2062033   0.2148600   0.2175766
   0.2227404   0.2309610   0.2357005   0.2466129   0.2505210   0.2561324   0.2585156
   0.2717654   0.2807386   0.2848039   0.2938847   0.2984883   0.3120380   0.3265733
   0.3345399   0.3387135   0.3479332   0.3518606   0.3608649   0.3644969   0.3744614
   0.3777651   0.3810183   0.3883621   0.3928000   0.3942011   0.3972825   0.4029319
   0.4048080   0.4091664   0.4169580   0.4192321   0.4223899   0.4262839   0.4262839
   0.4309460   0.4321121   0.4339790   0.4381768   0.4401347   0.4435638   0.4443819
   0.4457614   0.4495172   0.4505035   0.4517691   0.4542158   0.4589887   0.4611845
   0.4682766   0.4704328   0.4723849   0.4771668   0.4784960   0.4807062   0.4819539
   0.4831443   0.4841634   0.4859587   0.4890473   0.4898707   0.4905142   0.4917151
   0.4921275   0.4929135   0.4934749   0.4941084   0.4947839   0.4975220   0.4980832
   0.4984313   0.4981392   0.4985265   0.5003061   0.5020774   0.5023397   0.5021744
   0.5023935   0.5028573   0.5025858   0.5019146   0.5029634   0.5033479   0.5037155
   0.5035364   0.5027945   0.5027417   0.5023416   0.5012702   0.5012824   0.5016148
   0.5017067   0.5011238   0.4997453   0.4974778   0.4968920   0.4961358   0.4965272
   0.4963661   0.4948960   0.4921448   0.4913611   0.4905789   0.4901762   0.4891480
   0.4859775   0.4850342   0.4827363   0.4812018   0.4771197   0.4758495   0.4727523
   0.4705290   0.4652436   0.4645326   0.4639771   0.4626885   0.4592905   0.4590167
   0.4581879   0.4565270   0.4544311   0.4552078   0.4551799   0.4547605   0.4538255
   0.4522222   0.4515307   0.4508078   0.4500502   0.4475450   0.4470834   0.4474130
   0.4438353   0.4402917   0.4365499   0.4333387   0.4268431   0.4239114   0.4212024
   0.4192127   0.4184390   0.4161412   0.4135208   0.4101434   0.4061769   0.3864237
   0.3734935   0.3607947   0.3511242   0.3472791   0.3404454   0.3103773   0.3035436
   0.3035436   0.2941879   0.2530225   0.2436668   0.2436668   0.2392417   0.2197717
   0.2153467   0.2153467
   0.0000000   0.0000000   0.0000000   0.0000000   0.0000000   0.0000000   0.0000000
   0.0000000   0.0000000   0.0000000   0.0000000   0.0000000   0.0000000   0.0000000
   0.0000000   0.0000000   0.0000000   0.0000000   0.0000000   0.0000000   0.0000000
   0.0000000   0.0000000   0.0000000   0.0000000   0.0000000   0.0000000   0.0000000
   0.0000000   0.0000000   0.0000000   0.0000000   0.0000000   0.0000000   0.0000000
   0.0000000   0.0000000   0.0000000   0.0000000   0.0000000   0.0000000   0.0000000
   0.0000000   0.0000000   0.0000000   0.0000000   0.0000000   0.0000000   0.0000000
   0.0000000   0.0000000   0.0000000   0.0000000   0.0000000   0.0000000   0.0000000
   0.0000000   0.0000000   0.0000000   0.0000000   0.0000000   0.0000000   0.0000000
   0.0000000   0.0000000   0.0000000   0.0000000   0.0000000   0.0000000   0.0000000
   0.0000000   0.0000000   0.0000000   0.0000000   0.0000000   0.0000000   0.0000000
   0.0000000   0.0000000   0.0000000   0.0000000   0.0000000   0.0000000   0.0000000
   0.0000000   0.0000000   0.0000000   0.0000000   0.0000000   0.0000000   0.0000000
   0.0000000   0.0000000   0.0000000   0.0000000   0.0000000   0.0000000   0.0000000
   0.0000000   0.0000000   0.0000000   0.0000000   0.0000000   0.0000000   0.0000000
   0.0000000   0.0000000   0.0000000   0.0000000   0.0000000   0.0000000   0.0000000
   0.0000000   0.0000000   0.0000000   0.0000000   0.0000000   0.0000000   0.0000000
   0.0000000   0.0000000   0.0000000   0.0000000   0.0000000   0.0000000   0.0000000
   0.0000000   0.0000000   0.0000000   0.0000000   0.0000000   0.0000000   0.0000000
   0.0000000   0.0000000   0.0000000   0.0000000   0.0000000   0.0000000   0.0000000
   0.0000000   0.0000000   0.0000000   0.0000000   0.0000000   0.0000000   0.0000000
   0.0000000   0.0000000   0.0000000   0.0000000   0.0000000   0.0000000   0.0000000
   0.0000000   0.0000000   0.0000000   0.0000000   0.0000000   0.0000000   0.0000000
   0.0000000   0.0000000   0.0000000   0.0000000   0.0000000   0.0000000   0.0000000
   0.0000000   0.0000000   0.0000000   0.0000000   0.0000000   0.0000000   0.0000000
   0.0000000   0.0000000   0.0000000   0.0000000   0.0000000   0.0000000   0.0000000
   0.0000000   0.0000000   0.0000000   0.0000000   0.0000000   0.0000000   0.0000000
   0.0000000   0.0000000   0.0000000   0.0000000   0.0000000   0.0000000   0.0000000
   0.0000000   0.0000000   0.0000000   0.0000000   0.0000000   0.0000000   0.0000000
   0.0000000   0.0000000   0.0000000   0.0000000   0.0000000   0.0000000   0.0000000
   0.0000000   0.0000000
 0.7388247  0.5291416      ! Amplitude Factors
 217.0                     ! Antenna Bearing
 LPWR                      ! Site Code
 41.3483500  -70.6399833   ! Site Lat Lon
 1.0                       ! Degree Resolution
 10.0                      ! Degree Smoothing
 2010 12 17  10 06 43      ! Date Year Mo Day Hr Mn Sec
 Acq4.0---new redo with endings over land
 45DC4FAB-CC17-49E9-B046-63C566A84D64   ! UUID
