 193
       -57.0       -56.0       -55.0       -54.0       -53.0       -52.0       -51.0
       -50.0       -49.0       -48.0       -47.0       -46.0       -45.0       -44.0
       -43.0       -42.0       -41.0       -40.0       -39.0       -38.0       -37.0
       -36.0       -35.0       -34.0       -33.0       -32.0       -31.0       -30.0
       -29.0       -28.0       -27.0       -26.0       -25.0       -24.0       -23.0
       -22.0       -21.0       -20.0       -19.0       -18.0       -17.0       -16.0
       -15.0       -14.0       -13.0       -12.0       -11.0       -10.0        -9.0
        -8.0        -7.0        -6.0        -5.0        -4.0        -3.0        -2.0
        -1.0         0.0         1.0         2.0         3.0         4.0         5.0
         6.0         7.0         8.0         9.0        10.0        11.0        12.0
        13.0        14.0        15.0        16.0        17.0        18.0        19.0
        20.0        21.0        22.0        23.0        24.0        25.0        26.0
        27.0        28.0        29.0        30.0        31.0        32.0        33.0
        34.0        35.0        36.0        37.0        38.0        39.0        40.0
        41.0        42.0        43.0        44.0        45.0        46.0        47.0
        48.0        49.0        50.0        51.0        52.0        53.0        54.0
        55.0        56.0        57.0        58.0        59.0        60.0        61.0
        62.0        63.0        64.0        65.0        66.0        67.0        68.0
        69.0        70.0        71.0        72.0        73.0        74.0        75.0
        76.0        77.0        78.0        79.0        80.0        81.0        82.0
        83.0        84.0        85.0        86.0        87.0        88.0        89.0
        90.0        91.0        92.0        93.0        94.0        95.0        96.0
        97.0        98.0        99.0       100.0       101.0       102.0       103.0
       104.0       105.0       106.0       107.0       108.0       109.0       110.0
       111.0       112.0       113.0       114.0       115.0       116.0       117.0
       118.0       119.0       120.0       121.0       122.0       123.0       124.0
       125.0       126.0       127.0       128.0       129.0       130.0       131.0
       132.0       133.0       134.0       135.0
  -0.3074279  -0.3116690  -0.3176907  -0.3227268  -0.3295393  -0.3356450  -0.3429441
  -0.3501119  -0.3577200  -0.3658834  -0.3739149  -0.3820856  -0.3903549  -0.3992070
  -0.4079247  -0.4172832  -0.4266766  -0.4364308  -0.4471849  -0.4574039  -0.4678018
  -0.4781719  -0.4887214  -0.4987304  -0.5083827  -0.5180325  -0.5271488  -0.5359522
  -0.5427150  -0.5487954  -0.5544709  -0.5594315  -0.5637730  -0.5678030  -0.5716139
  -0.5751118  -0.5782660  -0.5809937  -0.5832042  -0.5857487  -0.5874002  -0.5886581
  -0.5900209  -0.5909833  -0.5915354  -0.5918848  -0.5921105  -0.5920034  -0.5916490
  -0.5906848  -0.5901507  -0.5895111  -0.5889967  -0.5877326  -0.5861572  -0.5841815
  -0.5822464  -0.5796527  -0.5771829  -0.5744220  -0.5715056  -0.5682167  -0.5646411
  -0.5607011  -0.5572169  -0.5535776  -0.5498834  -0.5460030  -0.5421029  -0.5379961
  -0.5339290  -0.5301788  -0.5258699  -0.5213491  -0.5168550  -0.5111647  -0.5060745
  -0.5008745  -0.4950796  -0.4889083  -0.4824743  -0.4754343  -0.4680832  -0.4610123
  -0.4543599  -0.4469450  -0.4397355  -0.4322025  -0.4250761  -0.4177093  -0.4102779
  -0.4028456  -0.3955662  -0.3880728  -0.3800119  -0.3719889  -0.3646179  -0.3579770
  -0.3508037  -0.3428729  -0.3355606  -0.3283309  -0.3211146  -0.3143252  -0.3079057
  -0.3019074  -0.2952615  -0.2886445  -0.2816448  -0.2738445  -0.2664235  -0.2587433
  -0.2508997  -0.2427491  -0.2337658  -0.2245082  -0.2138659  -0.2039262  -0.1934564
  -0.1825267  -0.1721193  -0.1613180  -0.1503605  -0.1386632  -0.1272991  -0.1165672
  -0.1056039  -0.0957352  -0.0853336  -0.0747689  -0.0643048  -0.0544448  -0.0447200
  -0.0355288  -0.0273738  -0.0181563  -0.0080316   0.0024386   0.0124233   0.0219367
   0.0315315   0.0415221   0.0526305   0.0633984   0.0741631   0.0857317   0.0963882
   0.1060756   0.1149611   0.1242139   0.1337004   0.1430412   0.1517202   0.1593664
   0.1672782   0.1750099   0.1822423   0.1894509   0.1966358   0.2034874   0.2102947
   0.2169409   0.2234323   0.2294146   0.2363821   0.2438807   0.2521867   0.2608877
   0.2696654   0.2784321   0.2887173   0.2996475   0.3103137   0.3219072   0.3341376
   0.3458556   0.3576430   0.3699746   0.3811843   0.3955129   0.4124694   0.4273794
   0.4426676   0.4587639   0.4732860   0.4873659   0.5005085   0.5126973   0.5250092
   0.5375074   0.5454004   0.5510779   0.5569693
   0.0000000   0.0000000   0.0000000   0.0000000   0.0000000   0.0000000   0.0000000
   0.0000000   0.0000000   0.0000000   0.0000000   0.0000000   0.0000000   0.0000000
   0.0000000   0.0000000   0.0000000   0.0000000   0.0000000   0.0000000   0.0000000
   0.0000000   0.0000000   0.0000000   0.0000000   0.0000000   0.0000000   0.0000000
   0.0000000   0.0000000   0.0000000   0.0000000   0.0000000   0.0000000   0.0000000
   0.0000000   0.0000000   0.0000000   0.0000000   0.0000000   0.0000000   0.0000000
   0.0000000   0.0000000   0.0000000   0.0000000   0.0000000   0.0000000   0.0000000
   0.0000000   0.0000000   0.0000000   0.0000000   0.0000000   0.0000000   0.0000000
   0.0000000   0.0000000   0.0000000   0.0000000   0.0000000   0.0000000   0.0000000
   0.0000000   0.0000000   0.0000000   0.0000000   0.0000000   0.0000000   0.0000000
   0.0000000   0.0000000   0.0000000   0.0000000   0.0000000   0.0000000   0.0000000
   0.0000000   0.0000000   0.0000000   0.0000000   0.0000000   0.0000000   0.0000000
   0.0000000   0.0000000   0.0000000   0.0000000   0.0000000   0.0000000   0.0000000
   0.0000000   0.0000000   0.0000000   0.0000000   0.0000000   0.0000000   0.0000000
   0.0000000   0.0000000   0.0000000   0.0000000   0.0000000   0.0000000   0.0000000
   0.0000000   0.0000000   0.0000000   0.0000000   0.0000000   0.0000000   0.0000000
   0.0000000   0.0000000   0.0000000   0.0000000   0.0000000   0.0000000   0.0000000
   0.0000000   0.0000000   0.0000000   0.0000000   0.0000000   0.0000000   0.0000000
   0.0000000   0.0000000   0.0000000   0.0000000   0.0000000   0.0000000   0.0000000
   0.0000000   0.0000000   0.0000000   0.0000000   0.0000000   0.0000000   0.0000000
   0.0000000   0.0000000   0.0000000   0.0000000   0.0000000   0.0000000   0.0000000
   0.0000000   0.0000000   0.0000000   0.0000000   0.0000000   0.0000000   0.0000000
   0.0000000   0.0000000   0.0000000   0.0000000   0.0000000   0.0000000   0.0000000
   0.0000000   0.0000000   0.0000000   0.0000000   0.0000000   0.0000000   0.0000000
   0.0000000   0.0000000   0.0000000   0.0000000   0.0000000   0.0000000   0.0000000
   0.0000000   0.0000000   0.0000000   0.0000000   0.0000000   0.0000000   0.0000000
   0.0000000   0.0000000   0.0000000   0.0000000   0.0000000   0.0000000   0.0000000
   0.0000000   0.0000000   0.0000000   0.0000000
   0.2305089   0.2389890   0.2467239   0.2562999   0.2644996   0.2756440   0.2867317
   0.2984978   0.3121370   0.3237083   0.3381797   0.3526574   0.3679952   0.3816774
   0.3957614   0.4105338   0.4253423   0.4413975   0.4544823   0.4654472   0.4784085
   0.4900541   0.5011437   0.5120179   0.5228555   0.5336447   0.5444607   0.5541070
   0.5628605   0.5725720   0.5814477   0.5910367   0.6017050   0.6106586   0.6203311
   0.6303237   0.6405251   0.6496544   0.6586620   0.6673477   0.6760964   0.6851301
   0.6935269   0.7011649   0.7084523   0.7148980   0.7209139   0.7255230   0.7302022
   0.7344545   0.7383652   0.7421177   0.7452510   0.7482014   0.7504835   0.7522857
   0.7538181   0.7546925   0.7555147   0.7558627   0.7560643   0.7558281   0.7553611
   0.7547180   0.7541701   0.7534592   0.7525347   0.7513698   0.7498218   0.7480198
   0.7461265   0.7444531   0.7423079   0.7393987   0.7364416   0.7325119   0.7290083
   0.7252005   0.7210579   0.7169124   0.7126523   0.7080165   0.7028112   0.6979005
   0.6938938   0.6891052   0.6843230   0.6795056   0.6753451   0.6702893   0.6648818
   0.6592296   0.6537758   0.6484234   0.6423004   0.6361017   0.6301881   0.6245522
   0.6183119   0.6109031   0.6041824   0.5972325   0.5898740   0.5825415   0.5751359
   0.5681070   0.5599860   0.5520121   0.5439199   0.5341863   0.5252500   0.5157873
   0.5059298   0.4962981   0.4857205   0.4752938   0.4634229   0.4519948   0.4403150
   0.4285364   0.4177764   0.4061592   0.3939951   0.3808574   0.3676731   0.3551897
   0.3420518   0.3301619   0.3183879   0.3061650   0.2940239   0.2816517   0.2695063
   0.2589239   0.2500717   0.2400976   0.2292821   0.2178700   0.2070022   0.1962940
   0.1849951   0.1727954   0.1598427   0.1466129   0.1326888   0.1177206   0.1034425
   0.0901162   0.0774178   0.0634165   0.0478296   0.0332762   0.0196947   0.0072642
  -0.0053669  -0.0183231  -0.0306297  -0.0433354  -0.0563946  -0.0699112  -0.0838800
  -0.0973695  -0.1126788  -0.1276017  -0.1445415  -0.1620891  -0.1797027  -0.1982850
  -0.2169854  -0.2351437  -0.2541416  -0.2726966  -0.2896973  -0.3075098  -0.3262518
  -0.3434451  -0.3607449  -0.3794436  -0.3954343  -0.4122339  -0.4309705  -0.4478335
  -0.4644441  -0.4823675  -0.5009126  -0.5196765  -0.5380215  -0.5547427  -0.5677655
  -0.5838196  -0.5996909  -0.6125376  -0.6264498
   0.0000000   0.0000000   0.0000000   0.0000000   0.0000000   0.0000000   0.0000000
   0.0000000   0.0000000   0.0000000   0.0000000   0.0000000   0.0000000   0.0000000
   0.0000000   0.0000000   0.0000000   0.0000000   0.0000000   0.0000000   0.0000000
   0.0000000   0.0000000   0.0000000   0.0000000   0.0000000   0.0000000   0.0000000
   0.0000000   0.0000000   0.0000000   0.0000000   0.0000000   0.0000000   0.0000000
   0.0000000   0.0000000   0.0000000   0.0000000   0.0000000   0.0000000   0.0000000
   0.0000000   0.0000000   0.0000000   0.0000000   0.0000000   0.0000000   0.0000000
   0.0000000   0.0000000   0.0000000   0.0000000   0.0000000   0.0000000   0.0000000
   0.0000000   0.0000000   0.0000000   0.0000000   0.0000000   0.0000000   0.0000000
   0.0000000   0.0000000   0.0000000   0.0000000   0.0000000   0.0000000   0.0000000
   0.0000000   0.0000000   0.0000000   0.0000000   0.0000000   0.0000000   0.0000000
   0.0000000   0.0000000   0.0000000   0.0000000   0.0000000   0.0000000   0.0000000
   0.0000000   0.0000000   0.0000000   0.0000000   0.0000000   0.0000000   0.0000000
   0.0000000   0.0000000   0.0000000   0.0000000   0.0000000   0.0000000   0.0000000
   0.0000000   0.0000000   0.0000000   0.0000000   0.0000000   0.0000000   0.0000000
   0.0000000   0.0000000   0.0000000   0.0000000   0.0000000   0.0000000   0.0000000
   0.0000000   0.0000000   0.0000000   0.0000000   0.0000000   0.0000000   0.0000000
   0.0000000   0.0000000   0.0000000   0.0000000   0.0000000   0.0000000   0.0000000
   0.0000000   0.0000000   0.0000000   0.0000000   0.0000000   0.0000000   0.0000000
   0.0000000   0.0000000   0.0000000   0.0000000   0.0000000   0.0000000   0.0000000
   0.0000000   0.0000000   0.0000000   0.0000000   0.0000000   0.0000000   0.0000000
   0.0000000   0.0000000   0.0000000   0.0000000   0.0000000   0.0000000   0.0000000
   0.0000000   0.0000000   0.0000000   0.0000000   0.0000000   0.0000000   0.0000000
   0.0000000   0.0000000   0.0000000   0.0000000   0.0000000   0.0000000   0.0000000
   0.0000000   0.0000000   0.0000000   0.0000000   0.0000000   0.0000000   0.0000000
   0.0000000   0.0000000   0.0000000   0.0000000   0.0000000   0.0000000   0.0000000
   0.0000000   0.0000000   0.0000000   0.0000000   0.0000000   0.0000000   0.0000000
   0.0000000   0.0000000   0.0000000   0.0000000
   0.8784422   0.8753409   0.8713807   0.8677344   0.8633239   0.8583255   0.8526135
   0.8460983   0.8379271   0.8297416   0.8208814   0.8111568   0.8007140   0.7892748
   0.7769584   0.7642455   0.7507296   0.7354149   0.7187898   0.7022959   0.6850135
   0.6675206   0.6480462   0.6277397   0.6076128   0.5870539   0.5651308   0.5432977
   0.5238219   0.5049776   0.4857054   0.4656897   0.4457874   0.4269063   0.4077462
   0.3871557   0.3658084   0.3450854   0.3246727   0.3034540   0.2827387   0.2620712
   0.2432280   0.2236821   0.2038718   0.1851666   0.1661764   0.1495677   0.1320526
   0.1149941   0.0976769   0.0793513   0.0609579   0.0415650   0.0223987   0.0024674
  -0.0165024  -0.0348590  -0.0551097  -0.0747835  -0.0958652  -0.1152122  -0.1350209
  -0.1543423  -0.1720149  -0.1900920  -0.2072722  -0.2256613  -0.2437164  -0.2615657
  -0.2780881  -0.2922230  -0.3091732  -0.3267597  -0.3432764  -0.3634997  -0.3806747
  -0.3973785  -0.4146907  -0.4313201  -0.4474214  -0.4643101  -0.4822983  -0.4983305
  -0.5113104  -0.5260952  -0.5398069  -0.5538977  -0.5661845  -0.5794918  -0.5930650
  -0.6067204  -0.6199761  -0.6330394  -0.6472887  -0.6616622  -0.6748542  -0.6867355
  -0.6995146  -0.7141362  -0.7267215  -0.7388104  -0.7506519  -0.7617593  -0.7724062
  -0.7818696  -0.7924324  -0.8024776  -0.8123609  -0.8234604  -0.8332580  -0.8430307
  -0.8527160  -0.8620043  -0.8718835  -0.8815204  -0.8920160  -0.9017026  -0.9114014
  -0.9210150  -0.9295574  -0.9385334  -0.9474572  -0.9563048  -0.9648604  -0.9727693
  -0.9808929  -0.9878496  -0.9947907  -1.0016748  -1.0080149  -1.0140450  -1.0195652
  -1.0241335  -1.0279307  -1.0318932  -1.0356582  -1.0393024  -1.0425649  -1.0455276
  -1.0484514  -1.0512752  -1.0537783  -1.0562794  -1.0588493  -1.0611449  -1.0629952
  -1.0645944  -1.0660744  -1.0676090  -1.0694772  -1.0705872  -1.0715190  -1.0723854
  -1.0732590  -1.0741727  -1.0753287  -1.0765935  -1.0779131  -1.0789733  -1.0799191
  -1.0801133  -1.0804779  -1.0803336  -1.0792844  -1.0774841  -1.0746464  -1.0710700
  -1.0665591  -1.0613053  -1.0551945  -1.0482464  -1.0415090  -1.0338035  -1.0257548
  -1.0173493  -1.0080024  -0.9976491  -0.9875073  -0.9722696  -0.9535118  -0.9358988
  -0.9165581  -0.8956935  -0.8747201  -0.8534044  -0.8325891  -0.8125234  -0.7925837
  -0.7713334  -0.7546412  -0.7417001  -0.7267572
   0.0000000   0.0000000   0.0000000   0.0000000   0.0000000   0.0000000   0.0000000
   0.0000000   0.0000000   0.0000000   0.0000000   0.0000000   0.0000000   0.0000000
   0.0000000   0.0000000   0.0000000   0.0000000   0.0000000   0.0000000   0.0000000
   0.0000000   0.0000000   0.0000000   0.0000000   0.0000000   0.0000000   0.0000000
   0.0000000   0.0000000   0.0000000   0.0000000   0.0000000   0.0000000   0.0000000
   0.0000000   0.0000000   0.0000000   0.0000000   0.0000000   0.0000000   0.0000000
   0.0000000   0.0000000   0.0000000   0.0000000   0.0000000   0.0000000   0.0000000
   0.0000000   0.0000000   0.0000000   0.0000000   0.0000000   0.0000000   0.0000000
   0.0000000   0.0000000   0.0000000   0.0000000   0.0000000   0.0000000   0.0000000
   0.0000000   0.0000000   0.0000000   0.0000000   0.0000000   0.0000000   0.0000000
   0.0000000   0.0000000   0.0000000   0.0000000   0.0000000   0.0000000   0.0000000
   0.0000000   0.0000000   0.0000000   0.0000000   0.0000000   0.0000000   0.0000000
   0.0000000   0.0000000   0.0000000   0.0000000   0.0000000   0.0000000   0.0000000
   0.0000000   0.0000000   0.0000000   0.0000000   0.0000000   0.0000000   0.0000000
   0.0000000   0.0000000   0.0000000   0.0000000   0.0000000   0.0000000   0.0000000
   0.0000000   0.0000000   0.0000000   0.0000000   0.0000000   0.0000000   0.0000000
   0.0000000   0.0000000   0.0000000   0.0000000   0.0000000   0.0000000   0.0000000
   0.0000000   0.0000000   0.0000000   0.0000000   0.0000000   0.0000000   0.0000000
   0.0000000   0.0000000   0.0000000   0.0000000   0.0000000   0.0000000   0.0000000
   0.0000000   0.0000000   0.0000000   0.0000000   0.0000000   0.0000000   0.0000000
   0.0000000   0.0000000   0.0000000   0.0000000   0.0000000   0.0000000   0.0000000
   0.0000000   0.0000000   0.0000000   0.0000000   0.0000000   0.0000000   0.0000000
   0.0000000   0.0000000   0.0000000   0.0000000   0.0000000   0.0000000   0.0000000
   0.0000000   0.0000000   0.0000000   0.0000000   0.0000000   0.0000000   0.0000000
   0.0000000   0.0000000   0.0000000   0.0000000   0.0000000   0.0000000   0.0000000
   0.0000000   0.0000000   0.0000000   0.0000000   0.0000000   0.0000000   0.0000000
   0.0000000   0.0000000   0.0000000   0.0000000   0.0000000   0.0000000   0.0000000
   0.0000000   0.0000000   0.0000000   0.0000000
  -0.3238533  -0.3200603  -0.3153616  -0.3098383  -0.3045637  -0.2976093  -0.2906206
  -0.2827089  -0.2733427  -0.2654716  -0.2558963  -0.2461625  -0.2358303  -0.2267863
  -0.2175947  -0.2080533  -0.1989234  -0.1891588  -0.1820726  -0.1765398  -0.1700851
  -0.1646656  -0.1586408  -0.1532723  -0.1478749  -0.1420468  -0.1356677  -0.1296187
  -0.1237322  -0.1162913  -0.1092993  -0.1016593  -0.0918291  -0.0836839  -0.0739935
  -0.0635617  -0.0523648  -0.0421194  -0.0312037  -0.0203051  -0.0095980   0.0021258
   0.0137533   0.0247146   0.0361595   0.0469421   0.0589394   0.0686601   0.0798191
   0.0897871   0.1008029   0.1128502   0.1250987   0.1374023   0.1491455   0.1608223
   0.1715853   0.1812644   0.1928042   0.2040030   0.2165758   0.2265383   0.2365206
   0.2454184   0.2536264   0.2621421   0.2701782   0.2795802   0.2891207   0.2980734
   0.3059252   0.3120755   0.3210252   0.3308782   0.3403837   0.3522403   0.3622950
   0.3721700   0.3816846   0.3900741   0.3978850   0.4056851   0.4143275   0.4212382
   0.4257610   0.4309037   0.4350988   0.4395680   0.4429654   0.4469199   0.4511455
   0.4555486   0.4597707   0.4637528   0.4683064   0.4729201   0.4774307   0.4819034
   0.4864961   0.4918615   0.4964298   0.5008176   0.5050540   0.5091792   0.5132885
   0.5167955   0.5207669   0.5243221   0.5273462   0.5311829   0.5343449   0.5374900
   0.5406507   0.5435846   0.5467331   0.5497770   0.5530977   0.5563382   0.5596480
   0.5629559   0.5657811   0.5689910   0.5722269   0.5754558   0.5786192   0.5814564
   0.5842912   0.5865882   0.5886194   0.5903654   0.5917513   0.5930159   0.5938897
   0.5942177   0.5940457   0.5935797   0.5929858   0.5921756   0.5913540   0.5905453
   0.5898308   0.5893345   0.5889165   0.5887108   0.5886146   0.5886690   0.5890228
   0.5895799   0.5902716   0.5911619   0.5920699   0.5928756   0.5935704   0.5939767
   0.5938824   0.5932466   0.5920140   0.5899471   0.5872610   0.5838908   0.5793990
   0.5742104   0.5680533   0.5616546   0.5541634   0.5462519   0.5382289   0.5298773
   0.5216705   0.5139882   0.5061787   0.4986110   0.4917079   0.4842671   0.4764375
   0.4688025   0.4604380   0.4506674   0.4423725   0.4330717   0.4226542   0.4131369
   0.4036386   0.3933910   0.3799329   0.3658097   0.3517258   0.3391560   0.3314629
   0.3212870   0.3087174   0.2999100   0.2885076
   0.0000000   0.0000000   0.0000000   0.0000000   0.0000000   0.0000000   0.0000000
   0.0000000   0.0000000   0.0000000   0.0000000   0.0000000   0.0000000   0.0000000
   0.0000000   0.0000000   0.0000000   0.0000000   0.0000000   0.0000000   0.0000000
   0.0000000   0.0000000   0.0000000   0.0000000   0.0000000   0.0000000   0.0000000
   0.0000000   0.0000000   0.0000000   0.0000000   0.0000000   0.0000000   0.0000000
   0.0000000   0.0000000   0.0000000   0.0000000   0.0000000   0.0000000   0.0000000
   0.0000000   0.0000000   0.0000000   0.0000000   0.0000000   0.0000000   0.0000000
   0.0000000   0.0000000   0.0000000   0.0000000   0.0000000   0.0000000   0.0000000
   0.0000000   0.0000000   0.0000000   0.0000000   0.0000000   0.0000000   0.0000000
   0.0000000   0.0000000   0.0000000   0.0000000   0.0000000   0.0000000   0.0000000
   0.0000000   0.0000000   0.0000000   0.0000000   0.0000000   0.0000000   0.0000000
   0.0000000   0.0000000   0.0000000   0.0000000   0.0000000   0.0000000   0.0000000
   0.0000000   0.0000000   0.0000000   0.0000000   0.0000000   0.0000000   0.0000000
   0.0000000   0.0000000   0.0000000   0.0000000   0.0000000   0.0000000   0.0000000
   0.0000000   0.0000000   0.0000000   0.0000000   0.0000000   0.0000000   0.0000000
   0.0000000   0.0000000   0.0000000   0.0000000   0.0000000   0.0000000   0.0000000
   0.0000000   0.0000000   0.0000000   0.0000000   0.0000000   0.0000000   0.0000000
   0.0000000   0.0000000   0.0000000   0.0000000   0.0000000   0.0000000   0.0000000
   0.0000000   0.0000000   0.0000000   0.0000000   0.0000000   0.0000000   0.0000000
   0.0000000   0.0000000   0.0000000   0.0000000   0.0000000   0.0000000   0.0000000
   0.0000000   0.0000000   0.0000000   0.0000000   0.0000000   0.0000000   0.0000000
   0.0000000   0.0000000   0.0000000   0.0000000   0.0000000   0.0000000   0.0000000
   0.0000000   0.0000000   0.0000000   0.0000000   0.0000000   0.0000000   0.0000000
   0.0000000   0.0000000   0.0000000   0.0000000   0.0000000   0.0000000   0.0000000
   0.0000000   0.0000000   0.0000000   0.0000000   0.0000000   0.0000000   0.0000000
   0.0000000   0.0000000   0.0000000   0.0000000   0.0000000   0.0000000   0.0000000
   0.0000000   0.0000000   0.0000000   0.0000000   0.0000000   0.0000000   0.0000000
   0.0000000   0.0000000   0.0000000   0.0000000
 1.2872499  0.7614100      ! Amplitude Factors
 220.0                     ! Antenna Bearing
 LPWR                      ! Site Code
 41.3484000  -70.6401667   ! Site Lat Lon
 1.0                       ! Degree Resolution
 10.0                      ! Degree Smoothing
 2013 04 15  23 04 33      ! Date Year Mo Day Hr Mn Sec
 Acq4.0_redo with correct bearing
 80116348-F988-43D4-AF5D-B3C12657ACF2   ! UUID
 128.1      152.4          ! Phase Corrections
