 176
       -53.0       -52.0       -51.0       -50.0       -49.0       -48.0       -47.0
       -46.0       -45.0       -44.0       -43.0       -42.0       -41.0       -40.0
       -39.0       -38.0       -37.0       -36.0       -35.0       -34.0       -33.0
       -32.0       -31.0       -30.0       -29.0       -28.0       -27.0       -26.0
       -25.0       -24.0       -23.0       -22.0       -21.0       -20.0       -19.0
       -18.0       -17.0       -16.0       -15.0       -14.0       -13.0       -12.0
       -11.0       -10.0        -9.0        -8.0        -7.0        -6.0        -5.0
        -4.0        -3.0        -2.0        -1.0         0.0         1.0         2.0
         3.0         4.0         5.0         6.0         7.0         8.0         9.0
        10.0        11.0        12.0        13.0        14.0        15.0        16.0
        17.0        18.0        19.0        20.0        21.0        22.0        23.0
        24.0        25.0        26.0        27.0        28.0        29.0        30.0
        31.0        32.0        33.0        34.0        35.0        36.0        37.0
        38.0        39.0        40.0        41.0        42.0        43.0        44.0
        45.0        46.0        47.0        48.0        49.0        50.0        51.0
        52.0        53.0        54.0        55.0        56.0        57.0        58.0
        59.0        60.0        61.0        62.0        63.0        64.0        65.0
        66.0        67.0        68.0        69.0        70.0        71.0        72.0
        73.0        74.0        75.0        76.0        77.0        78.0        79.0
        80.0        81.0        82.0        83.0        84.0        85.0        86.0
        87.0        88.0        89.0        90.0        91.0        92.0        93.0
        94.0        95.0        96.0        97.0        98.0        99.0       100.0
       101.0       102.0       103.0       104.0       105.0       106.0       107.0
       108.0       109.0       110.0       111.0       112.0       113.0       114.0
       115.0       116.0       117.0       118.0       119.0       120.0       121.0
       122.0
  -0.5315669  -0.5540669  -0.5766616  -0.5954785  -0.6204662  -0.6538615  -0.6610975
  -0.6637569  -0.6673657  -0.6766287  -0.6782796  -0.6782796  -0.6831323  -0.6861531
  -0.6900289  -0.6920349  -0.6937447  -0.6969005  -0.7047360  -0.7146625  -0.7185420
  -0.7254544  -0.7272939  -0.7299665  -0.7367965  -0.7390357  -0.7415306  -0.7415306
  -0.7464830  -0.7503182  -0.7513336  -0.7531714  -0.7552475  -0.7610675  -0.7635304
  -0.7641383  -0.7648741  -0.7662958  -0.7662386  -0.7679696  -0.7683347  -0.7683945
  -0.7684146  -0.7677210  -0.7670109  -0.7665446  -0.7651738  -0.7645829  -0.7620635
  -0.7573167  -0.7549908  -0.7535267  -0.7495390  -0.7472798  -0.7416042  -0.7397811
  -0.7375489  -0.7334290  -0.7310392  -0.7251495  -0.7229836  -0.7218023  -0.7185049
  -0.7144455  -0.7128925  -0.7083853  -0.7000219  -0.6974938  -0.6935850  -0.6884594
  -0.6884594  -0.6808878  -0.6791688  -0.6763026  -0.6683178  -0.6649059  -0.6591216
  -0.6570268  -0.6547018  -0.6485141  -0.6459176  -0.6435107  -0.6391689  -0.6302677
  -0.6258072  -0.6182451  -0.6052575  -0.6002742  -0.5862335  -0.5818882  -0.5746434
  -0.5700930  -0.5654670  -0.5611725  -0.5531918  -0.5458043  -0.5301607  -0.5212763
  -0.5058298  -0.4813037  -0.4680616  -0.4606106  -0.4534593  -0.4472473  -0.4317236
  -0.4244907  -0.4067831  -0.3953539  -0.3890559  -0.3748775  -0.3653760  -0.3564657
  -0.3332623  -0.3263858  -0.3110384  -0.3012239  -0.2769125  -0.2677426  -0.2606532
  -0.2438882  -0.2410029  -0.2316414  -0.2038660  -0.1979411  -0.1909757  -0.1812760
  -0.1623611  -0.1289820  -0.1159316  -0.0799095  -0.0715289  -0.0682733  -0.0634095
  -0.0406410  -0.0370895  -0.0340769  -0.0135174  -0.0067584   0.0038626   0.0145583
   0.0197540   0.0319926   0.0382365   0.0565310   0.0674002   0.0945881   0.1017371
   0.1165996   0.1273171   0.1537666   0.1593107   0.1685876   0.1762219   0.1969693
   0.2080636   0.2149023   0.2346715   0.2409495   0.2500496   0.2703216   0.2762776
   0.2803587   0.2913814   0.3142839   0.3259582   0.3314544   0.3449884   0.3502470
   0.3610765   0.3770342   0.3887223   0.4003552   0.4100366   0.4301275   0.4389632
   0.4470379
   0.0000000   0.0000000   0.0000000   0.0000000   0.0000000   0.0000000   0.0000000
   0.0000000   0.0000000   0.0000000   0.0000000   0.0000000   0.0000000   0.0000000
   0.0000000   0.0000000   0.0000000   0.0000000   0.0000000   0.0000000   0.0000000
   0.0000000   0.0000000   0.0000000   0.0000000   0.0000000   0.0000000   0.0000000
   0.0000000   0.0000000   0.0000000   0.0000000   0.0000000   0.0000000   0.0000000
   0.0000000   0.0000000   0.0000000   0.0000000   0.0000000   0.0000000   0.0000000
   0.0000000   0.0000000   0.0000000   0.0000000   0.0000000   0.0000000   0.0000000
   0.0000000   0.0000000   0.0000000   0.0000000   0.0000000   0.0000000   0.0000000
   0.0000000   0.0000000   0.0000000   0.0000000   0.0000000   0.0000000   0.0000000
   0.0000000   0.0000000   0.0000000   0.0000000   0.0000000   0.0000000   0.0000000
   0.0000000   0.0000000   0.0000000   0.0000000   0.0000000   0.0000000   0.0000000
   0.0000000   0.0000000   0.0000000   0.0000000   0.0000000   0.0000000   0.0000000
   0.0000000   0.0000000   0.0000000   0.0000000   0.0000000   0.0000000   0.0000000
   0.0000000   0.0000000   0.0000000   0.0000000   0.0000000   0.0000000   0.0000000
   0.0000000   0.0000000   0.0000000   0.0000000   0.0000000   0.0000000   0.0000000
   0.0000000   0.0000000   0.0000000   0.0000000   0.0000000   0.0000000   0.0000000
   0.0000000   0.0000000   0.0000000   0.0000000   0.0000000   0.0000000   0.0000000
   0.0000000   0.0000000   0.0000000   0.0000000   0.0000000   0.0000000   0.0000000
   0.0000000   0.0000000   0.0000000   0.0000000   0.0000000   0.0000000   0.0000000
   0.0000000   0.0000000   0.0000000   0.0000000   0.0000000   0.0000000   0.0000000
   0.0000000   0.0000000   0.0000000   0.0000000   0.0000000   0.0000000   0.0000000
   0.0000000   0.0000000   0.0000000   0.0000000   0.0000000   0.0000000   0.0000000
   0.0000000   0.0000000   0.0000000   0.0000000   0.0000000   0.0000000   0.0000000
   0.0000000   0.0000000   0.0000000   0.0000000   0.0000000   0.0000000   0.0000000
   0.0000000   0.0000000   0.0000000   0.0000000   0.0000000   0.0000000   0.0000000
   0.0000000
   0.4471718   0.4661315   0.4856191   0.5026052   0.5288016   0.5713922   0.5831810
   0.5954583   0.6039630   0.6232783   0.6303893   0.6303893   0.6406531   0.6559301
   0.6623294   0.6673934   0.6717501   0.6794500   0.6954471   0.7110207   0.7165448
   0.7247129   0.7266989   0.7296912   0.7370860   0.7399708   0.7439874   0.7439874
   0.7496133   0.7557312   0.7577276   0.7618990   0.7655246   0.7756435   0.7809714
   0.7828546   0.7867761   0.7923253   0.7953741   0.8017704   0.8039530   0.8070187
   0.8087143   0.8150443   0.8189474   0.8207901   0.8247888   0.8265862   0.8315393
   0.8367426   0.8395511   0.8410816   0.8444645   0.8457714   0.8487690   0.8502434
   0.8546106   0.8557803   0.8565987   0.8579193   0.8590323   0.8589986   0.8585446
   0.8595191   0.8596109   0.8591044   0.8583636   0.8583187   0.8582541   0.8569945
   0.8569945   0.8560014   0.8556781   0.8547839   0.8529001   0.8518432   0.8498322
   0.8495947   0.8484299   0.8450578   0.8444293   0.8431179   0.8402769   0.8337361
   0.8302444   0.8240121   0.8127439   0.8081312   0.7941989   0.7896963   0.7820460
   0.7770555   0.7719381   0.7671813   0.7582235   0.7497941   0.7333702   0.7250678
   0.6978007   0.6899852   0.6786363   0.6723901   0.6663934   0.6611192   0.6470714
   0.6413478   0.6288394   0.6223576   0.6180159   0.6070318   0.5990414   0.5933687
   0.5797473   0.5754383   0.5658900   0.5604195   0.5466452   0.5392830   0.5341711
   0.5228651   0.5214136   0.5165112   0.4974477   0.4940701   0.4909564   0.4840105
   0.4698403   0.4452236   0.4362829   0.4128230   0.4074821   0.4057709   0.4025935
   0.3834214   0.3807919   0.3802525   0.3663213   0.3611270   0.3517896   0.3431923
   0.3398056   0.3318955   0.3266579   0.3098679   0.2999850   0.2744914   0.2671788
   0.2496356   0.2362812   0.2023293   0.1950784   0.1820374   0.1711114   0.1411711
   0.1253465   0.1165136   0.0925215   0.0847401   0.0726549   0.0469946   0.0406786
   0.0362840   0.0304822   0.0066515  -0.0043559  -0.0091962  -0.0149988  -0.0267107
  -0.0405695  -0.0572464  -0.0687732  -0.0803013  -0.0902374  -0.1155628  -0.1282769
  -0.1402075
   0.0000000   0.0000000   0.0000000   0.0000000   0.0000000   0.0000000   0.0000000
   0.0000000   0.0000000   0.0000000   0.0000000   0.0000000   0.0000000   0.0000000
   0.0000000   0.0000000   0.0000000   0.0000000   0.0000000   0.0000000   0.0000000
   0.0000000   0.0000000   0.0000000   0.0000000   0.0000000   0.0000000   0.0000000
   0.0000000   0.0000000   0.0000000   0.0000000   0.0000000   0.0000000   0.0000000
   0.0000000   0.0000000   0.0000000   0.0000000   0.0000000   0.0000000   0.0000000
   0.0000000   0.0000000   0.0000000   0.0000000   0.0000000   0.0000000   0.0000000
   0.0000000   0.0000000   0.0000000   0.0000000   0.0000000   0.0000000   0.0000000
   0.0000000   0.0000000   0.0000000   0.0000000   0.0000000   0.0000000   0.0000000
   0.0000000   0.0000000   0.0000000   0.0000000   0.0000000   0.0000000   0.0000000
   0.0000000   0.0000000   0.0000000   0.0000000   0.0000000   0.0000000   0.0000000
   0.0000000   0.0000000   0.0000000   0.0000000   0.0000000   0.0000000   0.0000000
   0.0000000   0.0000000   0.0000000   0.0000000   0.0000000   0.0000000   0.0000000
   0.0000000   0.0000000   0.0000000   0.0000000   0.0000000   0.0000000   0.0000000
   0.0000000   0.0000000   0.0000000   0.0000000   0.0000000   0.0000000   0.0000000
   0.0000000   0.0000000   0.0000000   0.0000000   0.0000000   0.0000000   0.0000000
   0.0000000   0.0000000   0.0000000   0.0000000   0.0000000   0.0000000   0.0000000
   0.0000000   0.0000000   0.0000000   0.0000000   0.0000000   0.0000000   0.0000000
   0.0000000   0.0000000   0.0000000   0.0000000   0.0000000   0.0000000   0.0000000
   0.0000000   0.0000000   0.0000000   0.0000000   0.0000000   0.0000000   0.0000000
   0.0000000   0.0000000   0.0000000   0.0000000   0.0000000   0.0000000   0.0000000
   0.0000000   0.0000000   0.0000000   0.0000000   0.0000000   0.0000000   0.0000000
   0.0000000   0.0000000   0.0000000   0.0000000   0.0000000   0.0000000   0.0000000
   0.0000000   0.0000000   0.0000000   0.0000000   0.0000000   0.0000000   0.0000000
   0.0000000   0.0000000   0.0000000   0.0000000   0.0000000   0.0000000   0.0000000
   0.0000000
   0.8584824   0.8344235   0.8093504   0.7871066   0.7509308   0.6891553   0.6729470
   0.6594210   0.6477082   0.6186483   0.6070126   0.6070126   0.5885954   0.5644539
   0.5465791   0.5327303   0.5225833   0.5053522   0.4665668   0.4222637   0.4054923
   0.3771597   0.3697583   0.3588087   0.3317860   0.3216068   0.3079603   0.3079603
   0.2856908   0.2617159   0.2536439   0.2357513   0.2202123   0.1760421   0.1508658
   0.1414940   0.1217403   0.0959736   0.0803163   0.0509302   0.0403455   0.0242042
   0.0148045  -0.0219516  -0.0431245  -0.0541156  -0.0798114  -0.0910820  -0.1245515
  -0.1657035  -0.1880011  -0.2003053  -0.2289975  -0.2420607  -0.2729468  -0.2848369
  -0.3170307  -0.3283430  -0.3405348  -0.3681814  -0.3799570  -0.3847545  -0.3969506
  -0.4152149  -0.4212482  -0.4367877  -0.4673803  -0.4765582  -0.4897893  -0.5054804
  -0.5054804  -0.5285902  -0.5335950  -0.5412783  -0.5643355  -0.5739247  -0.5896030
  -0.5946907  -0.6009376  -0.6177199  -0.6241652  -0.6305223  -0.6421798  -0.6659198
  -0.6777359  -0.6976386  -0.7310701  -0.7434523  -0.7767987  -0.7865285  -0.8025989
  -0.8120971  -0.8213727  -0.8295272  -0.8436502  -0.8559766  -0.8790947  -0.8906936
  -0.9279793  -0.9383804  -0.9533153  -0.9611979  -0.9685514  -0.9747717  -0.9894912
  -0.9964167  -1.0130162  -1.0223337  -1.0276153  -1.0396969  -1.0478017  -1.0547386
  -1.0723058  -1.0775398  -1.0889582  -1.0960706  -1.1132138  -1.1187428  -1.1231393
  -1.1336942  -1.1356608  -1.1417634  -1.1584100  -1.1622335  -1.1663557  -1.1710504
  -1.1797555  -1.1947994  -1.2006208  -1.2163323  -1.2198714  -1.2212858  -1.2226041
  -1.2297874  -1.2308976  -1.2317490  -1.2379930  -1.2398324  -1.2423159  -1.2451025
  -1.2465521  -1.2498623  -1.2513478  -1.2551879  -1.2571806  -1.2618801  -1.2633218
  -1.2655734  -1.2659067  -1.2658825  -1.2662460  -1.2664314  -1.2653358  -1.2610771
  -1.2576767  -1.2558155  -1.2506946  -1.2488462  -1.2454914  -1.2383327  -1.2362317
  -1.2348279  -1.2312917  -1.2240491  -1.2199115  -1.2180054  -1.2134278  -1.2116638
  -1.2080309  -1.2022603  -1.1978359  -1.1932497  -1.1891498  -1.1777783  -1.1717280
  -1.1659811
   0.0000000   0.0000000   0.0000000   0.0000000   0.0000000   0.0000000   0.0000000
   0.0000000   0.0000000   0.0000000   0.0000000   0.0000000   0.0000000   0.0000000
   0.0000000   0.0000000   0.0000000   0.0000000   0.0000000   0.0000000   0.0000000
   0.0000000   0.0000000   0.0000000   0.0000000   0.0000000   0.0000000   0.0000000
   0.0000000   0.0000000   0.0000000   0.0000000   0.0000000   0.0000000   0.0000000
   0.0000000   0.0000000   0.0000000   0.0000000   0.0000000   0.0000000   0.0000000
   0.0000000   0.0000000   0.0000000   0.0000000   0.0000000   0.0000000   0.0000000
   0.0000000   0.0000000   0.0000000   0.0000000   0.0000000   0.0000000   0.0000000
   0.0000000   0.0000000   0.0000000   0.0000000   0.0000000   0.0000000   0.0000000
   0.0000000   0.0000000   0.0000000   0.0000000   0.0000000   0.0000000   0.0000000
   0.0000000   0.0000000   0.0000000   0.0000000   0.0000000   0.0000000   0.0000000
   0.0000000   0.0000000   0.0000000   0.0000000   0.0000000   0.0000000   0.0000000
   0.0000000   0.0000000   0.0000000   0.0000000   0.0000000   0.0000000   0.0000000
   0.0000000   0.0000000   0.0000000   0.0000000   0.0000000   0.0000000   0.0000000
   0.0000000   0.0000000   0.0000000   0.0000000   0.0000000   0.0000000   0.0000000
   0.0000000   0.0000000   0.0000000   0.0000000   0.0000000   0.0000000   0.0000000
   0.0000000   0.0000000   0.0000000   0.0000000   0.0000000   0.0000000   0.0000000
   0.0000000   0.0000000   0.0000000   0.0000000   0.0000000   0.0000000   0.0000000
   0.0000000   0.0000000   0.0000000   0.0000000   0.0000000   0.0000000   0.0000000
   0.0000000   0.0000000   0.0000000   0.0000000   0.0000000   0.0000000   0.0000000
   0.0000000   0.0000000   0.0000000   0.0000000   0.0000000   0.0000000   0.0000000
   0.0000000   0.0000000   0.0000000   0.0000000   0.0000000   0.0000000   0.0000000
   0.0000000   0.0000000   0.0000000   0.0000000   0.0000000   0.0000000   0.0000000
   0.0000000   0.0000000   0.0000000   0.0000000   0.0000000   0.0000000   0.0000000
   0.0000000   0.0000000   0.0000000   0.0000000   0.0000000   0.0000000   0.0000000
   0.0000000
  -0.0968186  -0.0927080  -0.0881884  -0.0837131  -0.0744288  -0.0649882  -0.0475363
  -0.0347574  -0.0280179  -0.0135155  -0.0045952  -0.0045952   0.0041784   0.0227600
   0.0319482   0.0397026   0.0457556   0.0561159   0.0778634   0.0998465   0.1080658
   0.1215129   0.1248366   0.1294082   0.1403047   0.1447580   0.1512555   0.1512555
   0.1611242   0.1719908   0.1756118   0.1827813   0.1883753   0.2040124   0.2135927
   0.2171384   0.2239879   0.2316649   0.2374159   0.2462323   0.2496587   0.2553105
   0.2584613   0.2719321   0.2805101   0.2846390   0.2941364   0.2988408   0.3123532
   0.3262292   0.3359883   0.3404997   0.3496685   0.3536794   0.3626595   0.3659553
   0.3745206   0.3776655   0.3813295   0.3895828   0.3918338   0.3932878   0.3974825
   0.4021256   0.4035591   0.4075984   0.4166875   0.4192998   0.4225661   0.4260533
   0.4260533   0.4312188   0.4323472   0.4338518   0.4381649   0.4402657   0.4438625
   0.4440690   0.4455899   0.4499004   0.4501921   0.4513264   0.4538273   0.4588315
   0.4610962   0.4684412   0.4706593   0.4726540   0.4774793   0.4788023   0.4809539
   0.4821432   0.4832808   0.4842714   0.4861423   0.4895217   0.4903737   0.4909746
   0.4918373   0.4921467   0.4927774   0.4932503   0.4938106   0.4944448   0.4973022
   0.4978635   0.4981863   0.4980271   0.4983618   0.4999966   0.5020529   0.5022815
   0.5018764   0.5021074   0.5026936   0.5024545   0.5018235   0.5028241   0.5031727
   0.5034531   0.5032395   0.5024440   0.5024255   0.5020326   0.5009553   0.5009470
   0.5012391   0.5013175   0.5007812   0.4995214   0.4974692   0.4969604   0.4963444
   0.4967103   0.4965963   0.4953249   0.4927458   0.4919182   0.4908823   0.4903753
   0.4894359   0.4865445   0.4856023   0.4830657   0.4812636   0.4764911   0.4751491
   0.4721686   0.4700569   0.4649968   0.4641532   0.4631659   0.4618993   0.4587833
   0.4587129   0.4580273   0.4565815   0.4547560   0.4555011   0.4556172   0.4552931
   0.4544958   0.4530545   0.4523178   0.4517390   0.4510218   0.4485110   0.4480008
   0.4481582   0.4444661   0.4408688   0.4370788   0.4338272   0.4272031   0.4242035
   0.4214305
   0.0000000   0.0000000   0.0000000   0.0000000   0.0000000   0.0000000   0.0000000
   0.0000000   0.0000000   0.0000000   0.0000000   0.0000000   0.0000000   0.0000000
   0.0000000   0.0000000   0.0000000   0.0000000   0.0000000   0.0000000   0.0000000
   0.0000000   0.0000000   0.0000000   0.0000000   0.0000000   0.0000000   0.0000000
   0.0000000   0.0000000   0.0000000   0.0000000   0.0000000   0.0000000   0.0000000
   0.0000000   0.0000000   0.0000000   0.0000000   0.0000000   0.0000000   0.0000000
   0.0000000   0.0000000   0.0000000   0.0000000   0.0000000   0.0000000   0.0000000
   0.0000000   0.0000000   0.0000000   0.0000000   0.0000000   0.0000000   0.0000000
   0.0000000   0.0000000   0.0000000   0.0000000   0.0000000   0.0000000   0.0000000
   0.0000000   0.0000000   0.0000000   0.0000000   0.0000000   0.0000000   0.0000000
   0.0000000   0.0000000   0.0000000   0.0000000   0.0000000   0.0000000   0.0000000
   0.0000000   0.0000000   0.0000000   0.0000000   0.0000000   0.0000000   0.0000000
   0.0000000   0.0000000   0.0000000   0.0000000   0.0000000   0.0000000   0.0000000
   0.0000000   0.0000000   0.0000000   0.0000000   0.0000000   0.0000000   0.0000000
   0.0000000   0.0000000   0.0000000   0.0000000   0.0000000   0.0000000   0.0000000
   0.0000000   0.0000000   0.0000000   0.0000000   0.0000000   0.0000000   0.0000000
   0.0000000   0.0000000   0.0000000   0.0000000   0.0000000   0.0000000   0.0000000
   0.0000000   0.0000000   0.0000000   0.0000000   0.0000000   0.0000000   0.0000000
   0.0000000   0.0000000   0.0000000   0.0000000   0.0000000   0.0000000   0.0000000
   0.0000000   0.0000000   0.0000000   0.0000000   0.0000000   0.0000000   0.0000000
   0.0000000   0.0000000   0.0000000   0.0000000   0.0000000   0.0000000   0.0000000
   0.0000000   0.0000000   0.0000000   0.0000000   0.0000000   0.0000000   0.0000000
   0.0000000   0.0000000   0.0000000   0.0000000   0.0000000   0.0000000   0.0000000
   0.0000000   0.0000000   0.0000000   0.0000000   0.0000000   0.0000000   0.0000000
   0.0000000   0.0000000   0.0000000   0.0000000   0.0000000   0.0000000   0.0000000
   0.0000000
 0.7350011  0.5068751      ! Amplitude Factors
 217.0                     ! Antenna Bearing
 LPWR                      ! Site Code
 41.3483500  -70.6399833   ! Site Lat Lon
 1.0                       ! Degree Resolution
 10.0                      ! Degree Smoothing
 2010 12 17  10 06 43      ! Date Year Mo Day Hr Mn Sec
 Acq4.0---try three to smooth rhs of pattern
 B4767823-8FCC-4524-828D-3E51ADA91B00   ! UUID
