 360
      -179.0      -178.0      -177.0      -176.0      -175.0      -174.0      -173.0
      -172.0      -171.0      -170.0      -169.0      -168.0      -167.0      -166.0
      -165.0      -164.0      -163.0      -162.0      -161.0      -160.0      -159.0
      -158.0      -157.0      -156.0      -155.0      -154.0      -153.0      -152.0
      -151.0      -150.0      -149.0      -148.0      -147.0      -146.0      -145.0
      -144.0      -143.0      -142.0      -141.0      -140.0      -139.0      -138.0
      -137.0      -136.0      -135.0      -134.0      -133.0      -132.0      -131.0
      -130.0      -129.0      -128.0      -127.0      -126.0      -125.0      -124.0
      -123.0      -122.0      -121.0      -120.0      -119.0      -118.0      -117.0
      -116.0      -115.0      -114.0      -113.0      -112.0      -111.0      -110.0
      -109.0      -108.0      -107.0      -106.0      -105.0      -104.0      -103.0
      -102.0      -101.0      -100.0       -99.0       -98.0       -97.0       -96.0
       -95.0       -94.0       -93.0       -92.0       -91.0       -90.0       -89.0
       -88.0       -87.0       -86.0       -85.0       -84.0       -83.0       -82.0
       -81.0       -80.0       -79.0       -78.0       -77.0       -76.0       -75.0
       -74.0       -73.0       -72.0       -71.0       -70.0       -69.0       -68.0
       -67.0       -66.0       -65.0       -64.0       -63.0       -62.0       -61.0
       -60.0       -59.0       -58.0       -57.0       -56.0       -55.0       -54.0
       -53.0       -52.0       -51.0       -50.0       -49.0       -48.0       -47.0
       -46.0       -45.0       -44.0       -43.0       -42.0       -41.0       -40.0
       -39.0       -38.0       -37.0       -36.0       -35.0       -34.0       -33.0
       -32.0       -31.0       -30.0       -29.0       -28.0       -27.0       -26.0
       -25.0       -24.0       -23.0       -22.0       -21.0       -20.0       -19.0
       -18.0       -17.0       -16.0       -15.0       -14.0       -13.0       -12.0
       -11.0       -10.0        -9.0        -8.0        -7.0        -6.0        -5.0
        -4.0        -3.0        -2.0        -1.0         0.0         1.0         2.0
         3.0         4.0         5.0         6.0         7.0         8.0         9.0
        10.0        11.0        12.0        13.0        14.0        15.0        16.0
        17.0        18.0        19.0        20.0        21.0        22.0        23.0
        24.0        25.0        26.0        27.0        28.0        29.0        30.0
        31.0        32.0        33.0        34.0        35.0        36.0        37.0
        38.0        39.0        40.0        41.0        42.0        43.0        44.0
        45.0        46.0        47.0        48.0        49.0        50.0        51.0
        52.0        53.0        54.0        55.0        56.0        57.0        58.0
        59.0        60.0        61.0        62.0        63.0        64.0        65.0
        66.0        67.0        68.0        69.0        70.0        71.0        72.0
        73.0        74.0        75.0        76.0        77.0        78.0        79.0
        80.0        81.0        82.0        83.0        84.0        85.0        86.0
        87.0        88.0        89.0        90.0        91.0        92.0        93.0
        94.0        95.0        96.0        97.0        98.0        99.0       100.0
       101.0       102.0       103.0       104.0       105.0       106.0       107.0
       108.0       109.0       110.0       111.0       112.0       113.0       114.0
       115.0       116.0       117.0       118.0       119.0       120.0       121.0
       122.0       123.0       124.0       125.0       126.0       127.0       128.0
       129.0       130.0       131.0       132.0       133.0       134.0       135.0
       136.0       137.0       138.0       139.0       140.0       141.0       142.0
       143.0       144.0       145.0       146.0       147.0       148.0       149.0
       150.0       151.0       152.0       153.0       154.0       155.0       156.0
       157.0       158.0       159.0       160.0       161.0       162.0       163.0
       164.0       165.0       166.0       167.0       168.0       169.0       170.0
       171.0       172.0       173.0       174.0       175.0       176.0       177.0
       178.0       179.0       180.0
   1.1388208   1.1413396   1.1421676   1.1434212   1.1446047   1.1454062   1.1453336
   1.1443445   1.1437514   1.1455794   1.1456890   1.1445542   1.1425811   1.1446144
   1.1452918   1.1443488   1.1447795   1.1454433   1.1458622   1.1460131   1.1448308
   1.1437245   1.1431796   1.1406786   1.1355890   1.1321878   1.1309259   1.1265303
   1.1230585   1.1187919   1.1137213   1.1079884   1.1046931   1.1002993   1.0964944
   1.0925944   1.0877477   1.0810737   1.0758459   1.0705507   1.0642653   1.0578873
   1.0535990   1.0465662   1.0398391   1.0328951   1.0260294   1.0185722   1.0114985
   1.0037212   0.9945589   0.9873850   0.9808553   0.9706618   0.9616046   0.9516457
   0.9422588   0.9332262   0.9237050   0.9138460   0.9038831   0.8932994   0.8811629
   0.8689715   0.8574903   0.8459736   0.8344296   0.8226885   0.8102729   0.7978964
   0.7850593   0.7720595   0.7595199   0.7472148   0.7343015   0.7213641   0.7076991
   0.6945098   0.6803353   0.6657625   0.6513350   0.6369753   0.6234927   0.6088765
   0.5944398   0.5795871   0.5645345   0.5502663   0.5361564   0.5220321   0.5080872
   0.4935634   0.4789840   0.4633357   0.4487028   0.4340582   0.4191318   0.4047116
   0.3889536   0.3727199   0.3568767   0.3407097   0.3246522   0.3097058   0.2945328
   0.2792311   0.2632411   0.2482277   0.2329173   0.2183249   0.2035989   0.1892284
   0.1743154   0.1601124   0.1449604   0.1308018   0.1153836   0.1011051   0.0859452
   0.0716280   0.0571195   0.0432559   0.0293561   0.0162861   0.0031363  -0.0099060
  -0.0229566  -0.0354850  -0.0479807  -0.0599087  -0.0724098  -0.0845744  -0.0959268
  -0.1076964  -0.1188481  -0.1296918  -0.1402384  -0.1506887  -0.1608700  -0.1709688
  -0.1810368  -0.1908193  -0.1999621  -0.2092118  -0.2181328  -0.2267764  -0.2349217
  -0.2436397  -0.2520628  -0.2583812  -0.2662821  -0.2719214  -0.2774476  -0.2838440
  -0.2907885  -0.2959708  -0.3013817  -0.3074307  -0.3121221  -0.3166016  -0.3215894
  -0.3264128  -0.3313437  -0.3358144  -0.3394288  -0.3417562  -0.3448073  -0.3482532
  -0.3507639  -0.3522032  -0.3542997  -0.3572268  -0.3587592  -0.3614566  -0.3634328
  -0.3647625  -0.3660541  -0.3674384  -0.3677246  -0.3687711  -0.3702277  -0.3702768
  -0.3697115  -0.3695188  -0.3681743  -0.3674547  -0.3666140  -0.3656177  -0.3652126
  -0.3652295  -0.3633972  -0.3618160  -0.3622373  -0.3615080  -0.3603332  -0.3597634
  -0.3588180  -0.3582594  -0.3567003  -0.3548765  -0.3526927  -0.3508994  -0.3494737
  -0.3461961  -0.3434409  -0.3416175  -0.3387640  -0.3357934  -0.3317242  -0.3291255
  -0.3247775  -0.3212642  -0.3184033  -0.3137601  -0.3087989  -0.3052031  -0.2994676
  -0.2944698  -0.2899165  -0.2840033  -0.2782544  -0.2730509  -0.2668701  -0.2601265
  -0.2539521  -0.2483947  -0.2410194  -0.2329368  -0.2257595  -0.2173276  -0.2098305
  -0.2012493  -0.1923233  -0.1827783  -0.1727996  -0.1621081  -0.1500246  -0.1383075
  -0.1268263  -0.1139310  -0.1003536  -0.0866826  -0.0726416  -0.0583996  -0.0438075
  -0.0289478  -0.0143847  -0.0001682   0.0149511   0.0301531   0.0454784   0.0616403
   0.0776381   0.0938558   0.1099947   0.1267385   0.1429360   0.1599324   0.1772584
   0.1944263   0.2117862   0.2295524   0.2464199   0.2629870   0.2803016   0.2982413
   0.3157676   0.3331277   0.3498340   0.3669484   0.3838464   0.4002439   0.4165953
   0.4328725   0.4494205   0.4656121   0.4808063   0.4962246   0.5118899   0.5274611
   0.5424871   0.5571992   0.5727564   0.5875159   0.6017105   0.6162337   0.6303297
   0.6445152   0.6576178   0.6710549   0.6841102   0.6971071   0.7101718   0.7222841
   0.7343979   0.7463547   0.7575898   0.7686620   0.7793188   0.7888375   0.7984090
   0.8085072   0.8187347   0.8283804   0.8379525   0.8483302   0.8574867   0.8667360
   0.8753229   0.8840919   0.8941554   0.9036450   0.9122317   0.9200349   0.9276341
   0.9357771   0.9421702   0.9499410   0.9574146   0.9644664   0.9717646   0.9787438
   0.9854198   0.9916854   0.9985251   1.0047853   1.0100786   1.0161946   1.0216402
   1.0270286   1.0327450   1.0375925   1.0427686   1.0475220   1.0527042   1.0564572
   1.0606932   1.0651311   1.0691244   1.0737497   1.0778309   1.0820215   1.0867932
   1.0907315   1.0942386   1.0976663   1.1022327   1.1081976   1.1123057   1.1158575
   1.1189558   1.1218669   1.1241307   1.1260264   1.1278296   1.1308987   1.1343367
   1.1367587   1.1362844   1.1372005
   0.0000000   0.0000000   0.0000000   0.0000000   0.0000000   0.0000000   0.0000000
   0.0000000   0.0000000   0.0000000   0.0000000   0.0000000   0.0000000   0.0000000
   0.0000000   0.0000000   0.0000000   0.0000000   0.0000000   0.0000000   0.0000000
   0.0000000   0.0000000   0.0000000   0.0000000   0.0000000   0.0000000   0.0000000
   0.0000000   0.0000000   0.0000000   0.0000000   0.0000000   0.0000000   0.0000000
   0.0000000   0.0000000   0.0000000   0.0000000   0.0000000   0.0000000   0.0000000
   0.0000000   0.0000000   0.0000000   0.0000000   0.0000000   0.0000000   0.0000000
   0.0000000   0.0000000   0.0000000   0.0000000   0.0000000   0.0000000   0.0000000
   0.0000000   0.0000000   0.0000000   0.0000000   0.0000000   0.0000000   0.0000000
   0.0000000   0.0000000   0.0000000   0.0000000   0.0000000   0.0000000   0.0000000
   0.0000000   0.0000000   0.0000000   0.0000000   0.0000000   0.0000000   0.0000000
   0.0000000   0.0000000   0.0000000   0.0000000   0.0000000   0.0000000   0.0000000
   0.0000000   0.0000000   0.0000000   0.0000000   0.0000000   0.0000000   0.0000000
   0.0000000   0.0000000   0.0000000   0.0000000   0.0000000   0.0000000   0.0000000
   0.0000000   0.0000000   0.0000000   0.0000000   0.0000000   0.0000000   0.0000000
   0.0000000   0.0000000   0.0000000   0.0000000   0.0000000   0.0000000   0.0000000
   0.0000000   0.0000000   0.0000000   0.0000000   0.0000000   0.0000000   0.0000000
   0.0000000   0.0000000   0.0000000   0.0000000   0.0000000   0.0000000   0.0000000
   0.0000000   0.0000000   0.0000000   0.0000000   0.0000000   0.0000000   0.0000000
   0.0000000   0.0000000   0.0000000   0.0000000   0.0000000   0.0000000   0.0000000
   0.0000000   0.0000000   0.0000000   0.0000000   0.0000000   0.0000000   0.0000000
   0.0000000   0.0000000   0.0000000   0.0000000   0.0000000   0.0000000   0.0000000
   0.0000000   0.0000000   0.0000000   0.0000000   0.0000000   0.0000000   0.0000000
   0.0000000   0.0000000   0.0000000   0.0000000   0.0000000   0.0000000   0.0000000
   0.0000000   0.0000000   0.0000000   0.0000000   0.0000000   0.0000000   0.0000000
   0.0000000   0.0000000   0.0000000   0.0000000   0.0000000   0.0000000   0.0000000
   0.0000000   0.0000000   0.0000000   0.0000000   0.0000000   0.0000000   0.0000000
   0.0000000   0.0000000   0.0000000   0.0000000   0.0000000   0.0000000   0.0000000
   0.0000000   0.0000000   0.0000000   0.0000000   0.0000000   0.0000000   0.0000000
   0.0000000   0.0000000   0.0000000   0.0000000   0.0000000   0.0000000   0.0000000
   0.0000000   0.0000000   0.0000000   0.0000000   0.0000000   0.0000000   0.0000000
   0.0000000   0.0000000   0.0000000   0.0000000   0.0000000   0.0000000   0.0000000
   0.0000000   0.0000000   0.0000000   0.0000000   0.0000000   0.0000000   0.0000000
   0.0000000   0.0000000   0.0000000   0.0000000   0.0000000   0.0000000   0.0000000
   0.0000000   0.0000000   0.0000000   0.0000000   0.0000000   0.0000000   0.0000000
   0.0000000   0.0000000   0.0000000   0.0000000   0.0000000   0.0000000   0.0000000
   0.0000000   0.0000000   0.0000000   0.0000000   0.0000000   0.0000000   0.0000000
   0.0000000   0.0000000   0.0000000   0.0000000   0.0000000   0.0000000   0.0000000
   0.0000000   0.0000000   0.0000000   0.0000000   0.0000000   0.0000000   0.0000000
   0.0000000   0.0000000   0.0000000   0.0000000   0.0000000   0.0000000   0.0000000
   0.0000000   0.0000000   0.0000000   0.0000000   0.0000000   0.0000000   0.0000000
   0.0000000   0.0000000   0.0000000   0.0000000   0.0000000   0.0000000   0.0000000
   0.0000000   0.0000000   0.0000000   0.0000000   0.0000000   0.0000000   0.0000000
   0.0000000   0.0000000   0.0000000   0.0000000   0.0000000   0.0000000   0.0000000
   0.0000000   0.0000000   0.0000000   0.0000000   0.0000000   0.0000000   0.0000000
   0.0000000   0.0000000   0.0000000   0.0000000   0.0000000   0.0000000   0.0000000
   0.0000000   0.0000000   0.0000000   0.0000000   0.0000000   0.0000000   0.0000000
   0.0000000   0.0000000   0.0000000   0.0000000   0.0000000   0.0000000   0.0000000
   0.0000000   0.0000000   0.0000000   0.0000000   0.0000000   0.0000000   0.0000000
   0.0000000   0.0000000   0.0000000   0.0000000   0.0000000   0.0000000   0.0000000
   0.0000000   0.0000000   0.0000000   0.0000000   0.0000000   0.0000000   0.0000000
   0.0000000   0.0000000   0.0000000
   0.0585071   0.0559713   0.0534584   0.0511604   0.0487618   0.0466913   0.0442140
   0.0425791   0.0405552   0.0377608   0.0352081   0.0336865   0.0328712   0.0308492
   0.0285807   0.0267556   0.0257323   0.0242127   0.0224681   0.0210502   0.0201122
   0.0200232   0.0161128   0.0132161   0.0119405   0.0103970   0.0081260   0.0061096
   0.0042797   0.0036225   0.0027705   0.0024524   0.0007597   0.0024253   0.0027161
   0.0028837   0.0027254   0.0032240   0.0029855   0.0032660   0.0029798   0.0026846
   0.0017916   0.0013586   0.0009658   0.0002701  -0.0006830  -0.0003501  -0.0004358
  -0.0013686  -0.0012574  -0.0012776  -0.0015059  -0.0013612  -0.0017138  -0.0016840
  -0.0018882  -0.0022499  -0.0028754  -0.0032901  -0.0023572  -0.0031190  -0.0037463
  -0.0041503  -0.0051938  -0.0057383  -0.0064178  -0.0068562  -0.0072395  -0.0081292
  -0.0092860  -0.0108491  -0.0117957  -0.0134914  -0.0150431  -0.0164842  -0.0179986
  -0.0195968  -0.0212956  -0.0231723  -0.0244604  -0.0257369  -0.0272746  -0.0291708
  -0.0305742  -0.0319969  -0.0334949  -0.0350851  -0.0371253  -0.0390512  -0.0415647
  -0.0440357  -0.0465673  -0.0487646  -0.0511595  -0.0536111  -0.0565225  -0.0594810
  -0.0620194  -0.0646002  -0.0671507  -0.0696563  -0.0721947  -0.0750911  -0.0778701
  -0.0807738  -0.0838355  -0.0872367  -0.0902102  -0.0942672  -0.0978650  -0.1019018
  -0.1051120  -0.1090673  -0.1128048  -0.1168502  -0.1204360  -0.1242373  -0.1271851
  -0.1307963  -0.1339749  -0.1379944  -0.1413138  -0.1452482  -0.1487101  -0.1524974
  -0.1567135  -0.1610824  -0.1654415  -0.1699504  -0.1739693  -0.1781995  -0.1820297
  -0.1860598  -0.1905317  -0.1952399  -0.1988883  -0.2025178  -0.2059386  -0.2087983
  -0.2131422  -0.2180800  -0.2221582  -0.2262922  -0.2315959  -0.2361950  -0.2401849
  -0.2451028  -0.2494028  -0.2534602  -0.2584099  -0.2616161  -0.2643782  -0.2685234
  -0.2721728  -0.2758542  -0.2785805  -0.2820027  -0.2851505  -0.2885819  -0.2920524
  -0.2952978  -0.2984059  -0.3017091  -0.3038710  -0.3068149  -0.3090237  -0.3115477
  -0.3137252  -0.3154916  -0.3173348  -0.3187905  -0.3206946  -0.3229985  -0.3247225
  -0.3263725  -0.3266820  -0.3275826  -0.3282673  -0.3291428  -0.3305024  -0.3319156
  -0.3339197  -0.3346635  -0.3341337  -0.3345614  -0.3348665  -0.3350615  -0.3341768
  -0.3340270  -0.3330246  -0.3316245  -0.3304618  -0.3282206  -0.3260456  -0.3252260
  -0.3232231  -0.3204215  -0.3179752  -0.3159209  -0.3137865  -0.3109957  -0.3081512
  -0.3036444  -0.2996940  -0.2957467  -0.2904439  -0.2855177  -0.2818237  -0.2779514
  -0.2723663  -0.2669016  -0.2607090  -0.2538630  -0.2476752  -0.2413451  -0.2347290
  -0.2282018  -0.2206850  -0.2127182  -0.2046566  -0.1964793  -0.1879956  -0.1801436
  -0.1721113  -0.1636065  -0.1545852  -0.1447696  -0.1348709  -0.1247638  -0.1147587
  -0.1044231  -0.0944991  -0.0839914  -0.0735744  -0.0624517  -0.0524797  -0.0425625
  -0.0325972  -0.0235211  -0.0145048  -0.0048268   0.0049048   0.0146280   0.0238775
   0.0325942   0.0406690   0.0495828   0.0578058   0.0657554   0.0742233   0.0817166
   0.0890587   0.0955182   0.1018375   0.1067361   0.1128282   0.1180017   0.1228112
   0.1274835   0.1311701   0.1343211   0.1373101   0.1412984   0.1433590   0.1443204
   0.1465684   0.1474473   0.1490743   0.1503194   0.1512096   0.1520237   0.1525474
   0.1533641   0.1533180   0.1552277   0.1576047   0.1584216   0.1577551   0.1573536
   0.1569578   0.1563623   0.1560827   0.1557557   0.1551261   0.1542651   0.1527303
   0.1502508   0.1492757   0.1491780   0.1481040   0.1467335   0.1455439   0.1447963
   0.1442247   0.1430418   0.1414249   0.1407592   0.1395917   0.1381548   0.1375175
   0.1367891   0.1369389   0.1372421   0.1357803   0.1345437   0.1332834   0.1315975
   0.1294551   0.1287444   0.1283161   0.1273449   0.1266620   0.1250424   0.1232159
   0.1223151   0.1212322   0.1208644   0.1212754   0.1208546   0.1203251   0.1199622
   0.1188118   0.1172536   0.1167318   0.1159640   0.1153576   0.1146457   0.1139180
   0.1120193   0.1113414   0.1100881   0.1085010   0.1077440   0.1070449   0.1051610
   0.1033177   0.1017205   0.0993414   0.0973053   0.0960218   0.0942125   0.0929062
   0.0915708   0.0900711   0.0887160   0.0871490   0.0857328   0.0840262   0.0828571
   0.0812904   0.0798008   0.0779111   0.0757686   0.0731338   0.0708717   0.0675266
   0.0649971   0.0631111   0.0610260
   0.0000000   0.0000000   0.0000000   0.0000000   0.0000000   0.0000000   0.0000000
   0.0000000   0.0000000   0.0000000   0.0000000   0.0000000   0.0000000   0.0000000
   0.0000000   0.0000000   0.0000000   0.0000000   0.0000000   0.0000000   0.0000000
   0.0000000   0.0000000   0.0000000   0.0000000   0.0000000   0.0000000   0.0000000
   0.0000000   0.0000000   0.0000000   0.0000000   0.0000000   0.0000000   0.0000000
   0.0000000   0.0000000   0.0000000   0.0000000   0.0000000   0.0000000   0.0000000
   0.0000000   0.0000000   0.0000000   0.0000000   0.0000000   0.0000000   0.0000000
   0.0000000   0.0000000   0.0000000   0.0000000   0.0000000   0.0000000   0.0000000
   0.0000000   0.0000000   0.0000000   0.0000000   0.0000000   0.0000000   0.0000000
   0.0000000   0.0000000   0.0000000   0.0000000   0.0000000   0.0000000   0.0000000
   0.0000000   0.0000000   0.0000000   0.0000000   0.0000000   0.0000000   0.0000000
   0.0000000   0.0000000   0.0000000   0.0000000   0.0000000   0.0000000   0.0000000
   0.0000000   0.0000000   0.0000000   0.0000000   0.0000000   0.0000000   0.0000000
   0.0000000   0.0000000   0.0000000   0.0000000   0.0000000   0.0000000   0.0000000
   0.0000000   0.0000000   0.0000000   0.0000000   0.0000000   0.0000000   0.0000000
   0.0000000   0.0000000   0.0000000   0.0000000   0.0000000   0.0000000   0.0000000
   0.0000000   0.0000000   0.0000000   0.0000000   0.0000000   0.0000000   0.0000000
   0.0000000   0.0000000   0.0000000   0.0000000   0.0000000   0.0000000   0.0000000
   0.0000000   0.0000000   0.0000000   0.0000000   0.0000000   0.0000000   0.0000000
   0.0000000   0.0000000   0.0000000   0.0000000   0.0000000   0.0000000   0.0000000
   0.0000000   0.0000000   0.0000000   0.0000000   0.0000000   0.0000000   0.0000000
   0.0000000   0.0000000   0.0000000   0.0000000   0.0000000   0.0000000   0.0000000
   0.0000000   0.0000000   0.0000000   0.0000000   0.0000000   0.0000000   0.0000000
   0.0000000   0.0000000   0.0000000   0.0000000   0.0000000   0.0000000   0.0000000
   0.0000000   0.0000000   0.0000000   0.0000000   0.0000000   0.0000000   0.0000000
   0.0000000   0.0000000   0.0000000   0.0000000   0.0000000   0.0000000   0.0000000
   0.0000000   0.0000000   0.0000000   0.0000000   0.0000000   0.0000000   0.0000000
   0.0000000   0.0000000   0.0000000   0.0000000   0.0000000   0.0000000   0.0000000
   0.0000000   0.0000000   0.0000000   0.0000000   0.0000000   0.0000000   0.0000000
   0.0000000   0.0000000   0.0000000   0.0000000   0.0000000   0.0000000   0.0000000
   0.0000000   0.0000000   0.0000000   0.0000000   0.0000000   0.0000000   0.0000000
   0.0000000   0.0000000   0.0000000   0.0000000   0.0000000   0.0000000   0.0000000
   0.0000000   0.0000000   0.0000000   0.0000000   0.0000000   0.0000000   0.0000000
   0.0000000   0.0000000   0.0000000   0.0000000   0.0000000   0.0000000   0.0000000
   0.0000000   0.0000000   0.0000000   0.0000000   0.0000000   0.0000000   0.0000000
   0.0000000   0.0000000   0.0000000   0.0000000   0.0000000   0.0000000   0.0000000
   0.0000000   0.0000000   0.0000000   0.0000000   0.0000000   0.0000000   0.0000000
   0.0000000   0.0000000   0.0000000   0.0000000   0.0000000   0.0000000   0.0000000
   0.0000000   0.0000000   0.0000000   0.0000000   0.0000000   0.0000000   0.0000000
   0.0000000   0.0000000   0.0000000   0.0000000   0.0000000   0.0000000   0.0000000
   0.0000000   0.0000000   0.0000000   0.0000000   0.0000000   0.0000000   0.0000000
   0.0000000   0.0000000   0.0000000   0.0000000   0.0000000   0.0000000   0.0000000
   0.0000000   0.0000000   0.0000000   0.0000000   0.0000000   0.0000000   0.0000000
   0.0000000   0.0000000   0.0000000   0.0000000   0.0000000   0.0000000   0.0000000
   0.0000000   0.0000000   0.0000000   0.0000000   0.0000000   0.0000000   0.0000000
   0.0000000   0.0000000   0.0000000   0.0000000   0.0000000   0.0000000   0.0000000
   0.0000000   0.0000000   0.0000000   0.0000000   0.0000000   0.0000000   0.0000000
   0.0000000   0.0000000   0.0000000   0.0000000   0.0000000   0.0000000   0.0000000
   0.0000000   0.0000000   0.0000000   0.0000000   0.0000000   0.0000000   0.0000000
   0.0000000   0.0000000   0.0000000   0.0000000   0.0000000   0.0000000   0.0000000
   0.0000000   0.0000000   0.0000000   0.0000000   0.0000000   0.0000000   0.0000000
   0.0000000   0.0000000   0.0000000
  -0.4537801  -0.4419513  -0.4296103  -0.4169067  -0.4045342  -0.3918534  -0.3789807
  -0.3651244  -0.3518248  -0.3390460  -0.3261666  -0.3127236  -0.2973952  -0.2843776
  -0.2719004  -0.2585756  -0.2455724  -0.2330234  -0.2206523  -0.2072809  -0.1936323
  -0.1804526  -0.1680227  -0.1560694  -0.1424112  -0.1296340  -0.1180417  -0.1044457
  -0.0910741  -0.0772036  -0.0634824  -0.0503750  -0.0374305  -0.0234212  -0.0099437
   0.0037060   0.0182888   0.0336355   0.0471164   0.0611582   0.0748976   0.0879437
   0.1014450   0.1151722   0.1281464   0.1413825   0.1540784   0.1672226   0.1788435
   0.1910481   0.2031156   0.2148017   0.2269696   0.2390531   0.2494975   0.2606934
   0.2712526   0.2816279   0.2919557   0.3030894   0.3133905   0.3240010   0.3339259
   0.3436659   0.3523868   0.3628685   0.3713708   0.3797551   0.3879819   0.3958919
   0.4033572   0.4100867   0.4166287   0.4225814   0.4287879   0.4343589   0.4392136
   0.4442593   0.4492207   0.4533735   0.4573338   0.4609468   0.4650179   0.4667107
   0.4702417   0.4713508   0.4726019   0.4742435   0.4762277   0.4767242   0.4768890
   0.4778565   0.4773756   0.4770738   0.4768480   0.4756006   0.4747295   0.4736171
   0.4711422   0.4678712   0.4654843   0.4629720   0.4592010   0.4550763   0.4514565
   0.4472704   0.4429246   0.4381883   0.4331206   0.4276428   0.4232197   0.4174833
   0.4112751   0.4037619   0.3977563   0.3889750   0.3826497   0.3740066   0.3661987
   0.3581549   0.3505202   0.3411337   0.3319824   0.3224579   0.3123518   0.3023138
   0.2928586   0.2819376   0.2715968   0.2597582   0.2481846   0.2360853   0.2235701
   0.2115389   0.1991916   0.1878316   0.1748650   0.1622172   0.1495781   0.1371925
   0.1251209   0.1123667   0.0990961   0.0864282   0.0732722   0.0600904   0.0457563
   0.0326328   0.0194222   0.0040951  -0.0107925  -0.0268815  -0.0420483  -0.0562323
  -0.0701045  -0.0849807  -0.0991404  -0.1123715  -0.1260945  -0.1403092  -0.1532972
  -0.1656433  -0.1776894  -0.1902041  -0.2033301  -0.2167090  -0.2295554  -0.2421377
  -0.2553273  -0.2687105  -0.2814512  -0.2937092  -0.3070458  -0.3196953  -0.3321723
  -0.3442864  -0.3569135  -0.3686999  -0.3806316  -0.3918553  -0.4028339  -0.4142248
  -0.4270350  -0.4390717  -0.4498582  -0.4607197  -0.4721775  -0.4828952  -0.4942478
  -0.5059547  -0.5178958  -0.5292859  -0.5411853  -0.5511200  -0.5616711  -0.5726471
  -0.5838212  -0.5949351  -0.6056923  -0.6164797  -0.6270475  -0.6378842  -0.6489091
  -0.6594090  -0.6699082  -0.6806772  -0.6918779  -0.7030052  -0.7137956  -0.7253377
  -0.7365240  -0.7481267  -0.7600904  -0.7715491  -0.7823497  -0.7948854  -0.8069483
  -0.8184848  -0.8316378  -0.8426472  -0.8549008  -0.8669203  -0.8796439  -0.8917195
  -0.9041895  -0.9180835  -0.9300400  -0.9427321  -0.9573941  -0.9713329  -0.9858140
  -0.9993800  -1.0129371  -1.0251360  -1.0388056  -1.0532962  -1.0660024  -1.0797459
  -1.0928413  -1.1029691  -1.1132834  -1.1229989  -1.1329458  -1.1438661  -1.1534620
  -1.1621508  -1.1728403  -1.1831805  -1.1904528  -1.1980611  -1.2076811  -1.2143409
  -1.2231426  -1.2308123  -1.2381110  -1.2465758  -1.2514805  -1.2541913  -1.2569501
  -1.2616501  -1.2643415  -1.2656117  -1.2683418  -1.2700514  -1.2727484  -1.2737799
  -1.2734989  -1.2753851  -1.2743936  -1.2733113  -1.2721036  -1.2700801  -1.2684353
  -1.2666901  -1.2635530  -1.2596332  -1.2540661  -1.2498967  -1.2449030  -1.2406145
  -1.2351939  -1.2288148  -1.2242502  -1.2187342  -1.2117312  -1.2052536  -1.1971490
  -1.1905374  -1.1819853  -1.1742357  -1.1659871  -1.1582952  -1.1509885  -1.1433801
  -1.1347776  -1.1261197  -1.1173612  -1.1096210  -1.1017969  -1.0928667  -1.0834624
  -1.0751046  -1.0667341  -1.0577444  -1.0480425  -1.0397813  -1.0305152  -1.0215503
  -1.0114713  -1.0007837  -0.9919192  -0.9826176  -0.9728394  -0.9629789  -0.9531462
  -0.9436468  -0.9327933  -0.9232190  -0.9133946  -0.9039083  -0.8944653  -0.8845048
  -0.8744636  -0.8645492  -0.8544442  -0.8440928  -0.8333750  -0.8232162  -0.8126464
  -0.8023194  -0.7919422  -0.7817811  -0.7714760  -0.7613584  -0.7518079  -0.7420101
  -0.7329676  -0.7234890  -0.7142336  -0.7046603  -0.6940665  -0.6832272  -0.6719627
  -0.6602985  -0.6482605  -0.6351313  -0.6228166  -0.6110680  -0.5990658  -0.5861948
  -0.5738253  -0.5617936  -0.5495714  -0.5374247  -0.5259763  -0.5145122  -0.5038280
  -0.4923766  -0.4791801  -0.4661864
   0.0000000   0.0000000   0.0000000   0.0000000   0.0000000   0.0000000   0.0000000
   0.0000000   0.0000000   0.0000000   0.0000000   0.0000000   0.0000000   0.0000000
   0.0000000   0.0000000   0.0000000   0.0000000   0.0000000   0.0000000   0.0000000
   0.0000000   0.0000000   0.0000000   0.0000000   0.0000000   0.0000000   0.0000000
   0.0000000   0.0000000   0.0000000   0.0000000   0.0000000   0.0000000   0.0000000
   0.0000000   0.0000000   0.0000000   0.0000000   0.0000000   0.0000000   0.0000000
   0.0000000   0.0000000   0.0000000   0.0000000   0.0000000   0.0000000   0.0000000
   0.0000000   0.0000000   0.0000000   0.0000000   0.0000000   0.0000000   0.0000000
   0.0000000   0.0000000   0.0000000   0.0000000   0.0000000   0.0000000   0.0000000
   0.0000000   0.0000000   0.0000000   0.0000000   0.0000000   0.0000000   0.0000000
   0.0000000   0.0000000   0.0000000   0.0000000   0.0000000   0.0000000   0.0000000
   0.0000000   0.0000000   0.0000000   0.0000000   0.0000000   0.0000000   0.0000000
   0.0000000   0.0000000   0.0000000   0.0000000   0.0000000   0.0000000   0.0000000
   0.0000000   0.0000000   0.0000000   0.0000000   0.0000000   0.0000000   0.0000000
   0.0000000   0.0000000   0.0000000   0.0000000   0.0000000   0.0000000   0.0000000
   0.0000000   0.0000000   0.0000000   0.0000000   0.0000000   0.0000000   0.0000000
   0.0000000   0.0000000   0.0000000   0.0000000   0.0000000   0.0000000   0.0000000
   0.0000000   0.0000000   0.0000000   0.0000000   0.0000000   0.0000000   0.0000000
   0.0000000   0.0000000   0.0000000   0.0000000   0.0000000   0.0000000   0.0000000
   0.0000000   0.0000000   0.0000000   0.0000000   0.0000000   0.0000000   0.0000000
   0.0000000   0.0000000   0.0000000   0.0000000   0.0000000   0.0000000   0.0000000
   0.0000000   0.0000000   0.0000000   0.0000000   0.0000000   0.0000000   0.0000000
   0.0000000   0.0000000   0.0000000   0.0000000   0.0000000   0.0000000   0.0000000
   0.0000000   0.0000000   0.0000000   0.0000000   0.0000000   0.0000000   0.0000000
   0.0000000   0.0000000   0.0000000   0.0000000   0.0000000   0.0000000   0.0000000
   0.0000000   0.0000000   0.0000000   0.0000000   0.0000000   0.0000000   0.0000000
   0.0000000   0.0000000   0.0000000   0.0000000   0.0000000   0.0000000   0.0000000
   0.0000000   0.0000000   0.0000000   0.0000000   0.0000000   0.0000000   0.0000000
   0.0000000   0.0000000   0.0000000   0.0000000   0.0000000   0.0000000   0.0000000
   0.0000000   0.0000000   0.0000000   0.0000000   0.0000000   0.0000000   0.0000000
   0.0000000   0.0000000   0.0000000   0.0000000   0.0000000   0.0000000   0.0000000
   0.0000000   0.0000000   0.0000000   0.0000000   0.0000000   0.0000000   0.0000000
   0.0000000   0.0000000   0.0000000   0.0000000   0.0000000   0.0000000   0.0000000
   0.0000000   0.0000000   0.0000000   0.0000000   0.0000000   0.0000000   0.0000000
   0.0000000   0.0000000   0.0000000   0.0000000   0.0000000   0.0000000   0.0000000
   0.0000000   0.0000000   0.0000000   0.0000000   0.0000000   0.0000000   0.0000000
   0.0000000   0.0000000   0.0000000   0.0000000   0.0000000   0.0000000   0.0000000
   0.0000000   0.0000000   0.0000000   0.0000000   0.0000000   0.0000000   0.0000000
   0.0000000   0.0000000   0.0000000   0.0000000   0.0000000   0.0000000   0.0000000
   0.0000000   0.0000000   0.0000000   0.0000000   0.0000000   0.0000000   0.0000000
   0.0000000   0.0000000   0.0000000   0.0000000   0.0000000   0.0000000   0.0000000
   0.0000000   0.0000000   0.0000000   0.0000000   0.0000000   0.0000000   0.0000000
   0.0000000   0.0000000   0.0000000   0.0000000   0.0000000   0.0000000   0.0000000
   0.0000000   0.0000000   0.0000000   0.0000000   0.0000000   0.0000000   0.0000000
   0.0000000   0.0000000   0.0000000   0.0000000   0.0000000   0.0000000   0.0000000
   0.0000000   0.0000000   0.0000000   0.0000000   0.0000000   0.0000000   0.0000000
   0.0000000   0.0000000   0.0000000   0.0000000   0.0000000   0.0000000   0.0000000
   0.0000000   0.0000000   0.0000000   0.0000000   0.0000000   0.0000000   0.0000000
   0.0000000   0.0000000   0.0000000   0.0000000   0.0000000   0.0000000   0.0000000
   0.0000000   0.0000000   0.0000000   0.0000000   0.0000000   0.0000000   0.0000000
   0.0000000   0.0000000   0.0000000   0.0000000   0.0000000   0.0000000   0.0000000
   0.0000000   0.0000000   0.0000000
  -0.2312855  -0.2283886  -0.2249468  -0.2212951  -0.2180142  -0.2151300  -0.2122281
  -0.2093752  -0.2059340  -0.2030246  -0.1995733  -0.1964908  -0.1927504  -0.1902006
  -0.1873198  -0.1842882  -0.1815748  -0.1785327  -0.1756414  -0.1725470  -0.1693100
  -0.1660627  -0.1625224  -0.1591678  -0.1553881  -0.1519778  -0.1489652  -0.1455363
  -0.1422104  -0.1384617  -0.1346297  -0.1306243  -0.1270593  -0.1233695  -0.1194342
  -0.1145030  -0.1098330  -0.1046843  -0.0996011  -0.0944054  -0.0889213  -0.0836177
  -0.0783283  -0.0721363  -0.0665367  -0.0602653  -0.0546048  -0.0483525  -0.0422620
  -0.0360932  -0.0292153  -0.0216423  -0.0146497  -0.0069107   0.0004805   0.0094515
   0.0170717   0.0251833   0.0341324   0.0426415   0.0522573   0.0607140   0.0681770
   0.0766469   0.0856087   0.0937928   0.1011816   0.1097980   0.1189864   0.1276385
   0.1356757   0.1441939   0.1524426   0.1632304   0.1712310   0.1789341   0.1879963
   0.1966797   0.2053950   0.2139567   0.2214761   0.2301948   0.2380188   0.2475012
   0.2543173   0.2629313   0.2708766   0.2786935   0.2857858   0.2924998   0.2986736
   0.3042793   0.3108970   0.3160754   0.3217234   0.3275341   0.3338913   0.3397292
   0.3443953   0.3490068   0.3532687   0.3573444   0.3621032   0.3660337   0.3698461
   0.3730901   0.3760320   0.3797218   0.3822942   0.3860148   0.3897410   0.3927787
   0.3954598   0.3987743   0.4018192   0.4046741   0.4062522   0.4073282   0.4064162
   0.4079051   0.4074311   0.4069317   0.4058961   0.4047172   0.4025744   0.4008393
   0.3998216   0.3987155   0.3982064   0.3973036   0.3943402   0.3925012   0.3913024
   0.3892284   0.3877417   0.3866443   0.3832813   0.3795907   0.3753223   0.3695249
   0.3660731   0.3625838   0.3579832   0.3528804   0.3490496   0.3437007   0.3375549
   0.3316818   0.3253490   0.3182397   0.3113316   0.3036544   0.2956414   0.2888622
   0.2807384   0.2727779   0.2644125   0.2558418   0.2478854   0.2395192   0.2317576
   0.2242001   0.2153650   0.2058590   0.1957184   0.1857181   0.1753136   0.1649857
   0.1548436   0.1439612   0.1332103   0.1224453   0.1116977   0.1005726   0.0901395
   0.0787302   0.0678851   0.0565017   0.0454627   0.0335395   0.0215650   0.0097722
  -0.0019340  -0.0145720  -0.0271082  -0.0403495  -0.0531158  -0.0662809  -0.0789179
  -0.0927154  -0.1053766  -0.1181084  -0.1313578  -0.1438207  -0.1570866  -0.1701387
  -0.1827090  -0.1958940  -0.2084942  -0.2227781  -0.2358711  -0.2483623  -0.2616844
  -0.2741043  -0.2878820  -0.3006922  -0.3131605  -0.3268669  -0.3393889  -0.3543088
  -0.3662427  -0.3798878  -0.3939342  -0.4065240  -0.4198111  -0.4325686  -0.4446836
  -0.4570823  -0.4686802  -0.4797155  -0.4902738  -0.5001731  -0.5090982  -0.5189202
  -0.5280958  -0.5373733  -0.5465887  -0.5544500  -0.5625646  -0.5694388  -0.5773391
  -0.5833236  -0.5901539  -0.5961324  -0.6001368  -0.6047184  -0.6080808  -0.6113481
  -0.6147041  -0.6171395  -0.6191328  -0.6203156  -0.6226446  -0.6236816  -0.6235653
  -0.6237477  -0.6218472  -0.6202982  -0.6201857  -0.6190913  -0.6178601  -0.6163372
  -0.6135779  -0.6083852  -0.6058278  -0.5996409  -0.5981731  -0.5953119  -0.5919810
  -0.5858414  -0.5814654  -0.5752508  -0.5685956  -0.5658129  -0.5601981  -0.5523439
  -0.5490903  -0.5413790  -0.5368481  -0.5313205  -0.5268229  -0.5209594  -0.5165071
  -0.5132746  -0.5077866  -0.5053578  -0.5041237  -0.5015968  -0.4981345  -0.4928919
  -0.4893511  -0.4849203  -0.4805659  -0.4776780  -0.4738950  -0.4712074  -0.4678431
  -0.4633022  -0.4602240  -0.4574844  -0.4556892  -0.4531885  -0.4513005  -0.4494852
  -0.4468977  -0.4444651  -0.4403648  -0.4380076  -0.4355503  -0.4324404  -0.4306315
  -0.4297275  -0.4278983  -0.4255869  -0.4229571  -0.4208315  -0.4177132  -0.4146519
  -0.4108833  -0.4082295  -0.4053081  -0.4019206  -0.3980844  -0.3945167  -0.3909561
  -0.3882074  -0.3845543  -0.3819956  -0.3797462  -0.3770758  -0.3744852  -0.3718189
  -0.3684088  -0.3644752  -0.3614912  -0.3583840  -0.3552085  -0.3518570  -0.3482111
  -0.3441293  -0.3406867  -0.3367285  -0.3329393  -0.3295885  -0.3265163  -0.3222034
  -0.3179004  -0.3140151  -0.3099998  -0.3063955  -0.3027662  -0.2986127  -0.2952148
  -0.2911173  -0.2869995  -0.2829841  -0.2795568  -0.2769329  -0.2736081  -0.2702346
  -0.2666153  -0.2632263  -0.2600266  -0.2560602  -0.2523078  -0.2487773  -0.2451148
  -0.2420246  -0.2381401  -0.2348096
   0.0000000   0.0000000   0.0000000   0.0000000   0.0000000   0.0000000   0.0000000
   0.0000000   0.0000000   0.0000000   0.0000000   0.0000000   0.0000000   0.0000000
   0.0000000   0.0000000   0.0000000   0.0000000   0.0000000   0.0000000   0.0000000
   0.0000000   0.0000000   0.0000000   0.0000000   0.0000000   0.0000000   0.0000000
   0.0000000   0.0000000   0.0000000   0.0000000   0.0000000   0.0000000   0.0000000
   0.0000000   0.0000000   0.0000000   0.0000000   0.0000000   0.0000000   0.0000000
   0.0000000   0.0000000   0.0000000   0.0000000   0.0000000   0.0000000   0.0000000
   0.0000000   0.0000000   0.0000000   0.0000000   0.0000000   0.0000000   0.0000000
   0.0000000   0.0000000   0.0000000   0.0000000   0.0000000   0.0000000   0.0000000
   0.0000000   0.0000000   0.0000000   0.0000000   0.0000000   0.0000000   0.0000000
   0.0000000   0.0000000   0.0000000   0.0000000   0.0000000   0.0000000   0.0000000
   0.0000000   0.0000000   0.0000000   0.0000000   0.0000000   0.0000000   0.0000000
   0.0000000   0.0000000   0.0000000   0.0000000   0.0000000   0.0000000   0.0000000
   0.0000000   0.0000000   0.0000000   0.0000000   0.0000000   0.0000000   0.0000000
   0.0000000   0.0000000   0.0000000   0.0000000   0.0000000   0.0000000   0.0000000
   0.0000000   0.0000000   0.0000000   0.0000000   0.0000000   0.0000000   0.0000000
   0.0000000   0.0000000   0.0000000   0.0000000   0.0000000   0.0000000   0.0000000
   0.0000000   0.0000000   0.0000000   0.0000000   0.0000000   0.0000000   0.0000000
   0.0000000   0.0000000   0.0000000   0.0000000   0.0000000   0.0000000   0.0000000
   0.0000000   0.0000000   0.0000000   0.0000000   0.0000000   0.0000000   0.0000000
   0.0000000   0.0000000   0.0000000   0.0000000   0.0000000   0.0000000   0.0000000
   0.0000000   0.0000000   0.0000000   0.0000000   0.0000000   0.0000000   0.0000000
   0.0000000   0.0000000   0.0000000   0.0000000   0.0000000   0.0000000   0.0000000
   0.0000000   0.0000000   0.0000000   0.0000000   0.0000000   0.0000000   0.0000000
   0.0000000   0.0000000   0.0000000   0.0000000   0.0000000   0.0000000   0.0000000
   0.0000000   0.0000000   0.0000000   0.0000000   0.0000000   0.0000000   0.0000000
   0.0000000   0.0000000   0.0000000   0.0000000   0.0000000   0.0000000   0.0000000
   0.0000000   0.0000000   0.0000000   0.0000000   0.0000000   0.0000000   0.0000000
   0.0000000   0.0000000   0.0000000   0.0000000   0.0000000   0.0000000   0.0000000
   0.0000000   0.0000000   0.0000000   0.0000000   0.0000000   0.0000000   0.0000000
   0.0000000   0.0000000   0.0000000   0.0000000   0.0000000   0.0000000   0.0000000
   0.0000000   0.0000000   0.0000000   0.0000000   0.0000000   0.0000000   0.0000000
   0.0000000   0.0000000   0.0000000   0.0000000   0.0000000   0.0000000   0.0000000
   0.0000000   0.0000000   0.0000000   0.0000000   0.0000000   0.0000000   0.0000000
   0.0000000   0.0000000   0.0000000   0.0000000   0.0000000   0.0000000   0.0000000
   0.0000000   0.0000000   0.0000000   0.0000000   0.0000000   0.0000000   0.0000000
   0.0000000   0.0000000   0.0000000   0.0000000   0.0000000   0.0000000   0.0000000
   0.0000000   0.0000000   0.0000000   0.0000000   0.0000000   0.0000000   0.0000000
   0.0000000   0.0000000   0.0000000   0.0000000   0.0000000   0.0000000   0.0000000
   0.0000000   0.0000000   0.0000000   0.0000000   0.0000000   0.0000000   0.0000000
   0.0000000   0.0000000   0.0000000   0.0000000   0.0000000   0.0000000   0.0000000
   0.0000000   0.0000000   0.0000000   0.0000000   0.0000000   0.0000000   0.0000000
   0.0000000   0.0000000   0.0000000   0.0000000   0.0000000   0.0000000   0.0000000
   0.0000000   0.0000000   0.0000000   0.0000000   0.0000000   0.0000000   0.0000000
   0.0000000   0.0000000   0.0000000   0.0000000   0.0000000   0.0000000   0.0000000
   0.0000000   0.0000000   0.0000000   0.0000000   0.0000000   0.0000000   0.0000000
   0.0000000   0.0000000   0.0000000   0.0000000   0.0000000   0.0000000   0.0000000
   0.0000000   0.0000000   0.0000000   0.0000000   0.0000000   0.0000000   0.0000000
   0.0000000   0.0000000   0.0000000   0.0000000   0.0000000   0.0000000   0.0000000
   0.0000000   0.0000000   0.0000000   0.0000000   0.0000000   0.0000000   0.0000000
   0.0000000   0.0000000   0.0000000   0.0000000   0.0000000   0.0000000   0.0000000
   0.0000000   0.0000000   0.0000000
 0.7974906  0.5703659      ! Amplitude Factors
 31.0                      ! Antenna Bearing
 ASIT                      ! Site Code
 41.3250167  -70.5666667   ! Site Lat Lon
 1.0                       ! Degree Resolution
 10.0                      ! Degree Smoothing
 2011 03 08  12 56 56      ! Date Year Mo Day Hr Mn Sec
 Acq4.0  -- revised pattern from 03082011 data, very similar to first version
 35DFA90A-AC92-40E8-834B-0ADA8682D9F2   ! UUID
