 209
       -84.0       -83.0       -82.0       -81.0       -80.0       -79.0       -78.0
       -77.0       -76.0       -75.0       -74.0       -73.0       -72.0       -71.0
       -70.0       -69.0       -68.0       -67.0       -66.0       -65.0       -64.0
       -63.0       -62.0       -61.0       -60.0       -59.0       -58.0       -57.0
       -56.0       -55.0       -54.0       -53.0       -52.0       -51.0       -50.0
       -49.0       -48.0       -47.0       -46.0       -45.0       -44.0       -43.0
       -42.0       -41.0       -40.0       -39.0       -38.0       -37.0       -36.0
       -35.0       -34.0       -33.0       -32.0       -31.0       -30.0       -29.0
       -28.0       -27.0       -26.0       -25.0       -24.0       -23.0       -22.0
       -21.0       -20.0       -19.0       -18.0       -17.0       -16.0       -15.0
       -14.0       -13.0       -12.0       -11.0       -10.0        -9.0        -8.0
        -7.0        -6.0        -5.0        -4.0        -3.0        -2.0        -1.0
         0.0         1.0         2.0         3.0         4.0         5.0         6.0
         7.0         8.0         9.0        10.0        11.0        12.0        13.0
        14.0        15.0        16.0        17.0        18.0        19.0        20.0
        21.0        22.0        23.0        24.0        25.0        26.0        27.0
        28.0        29.0        30.0        31.0        32.0        33.0        34.0
        35.0        36.0        37.0        38.0        39.0        40.0        41.0
        42.0        43.0        44.0        45.0        46.0        47.0        48.0
        49.0        50.0        51.0        52.0        53.0        54.0        55.0
        56.0        57.0        58.0        59.0        60.0        61.0        62.0
        63.0        64.0        65.0        66.0        67.0        68.0        69.0
        70.0        71.0        72.0        73.0        74.0        75.0        76.0
        77.0        78.0        79.0        80.0        81.0        82.0        83.0
        84.0        85.0        86.0        87.0        88.0        89.0        90.0
        91.0        92.0        93.0        94.0        95.0        96.0        97.0
        98.0        99.0       100.0       101.0       102.0       103.0       104.0
       105.0       106.0       107.0       108.0       109.0       110.0       111.0
       112.0       113.0       114.0       115.0       116.0       117.0       118.0
       119.0       120.0       121.0       122.0       123.0       124.0
  -0.4803735  -0.5076422  -0.5345663  -0.5609106  -0.5867015  -0.6119400  -0.6365585
  -0.6606306  -0.6841874  -0.7071806  -0.7296710  -0.7516286  -0.7728920  -0.7935526
  -0.8136861  -0.8332602  -0.8525488  -0.8717997  -0.8909850  -0.9101828  -0.9294056
  -0.9483746  -0.9669354  -0.9848977  -1.0021122  -1.0186208  -1.0344355  -1.0495523
  -1.0642050  -1.0784744  -1.0922776  -1.1056660  -1.1186108  -1.1308790  -1.1423385
  -1.1528429  -1.1624701  -1.1713029  -1.1794120  -1.1870953  -1.1946202  -1.2022205
  -1.2099070  -1.2177611  -1.2258810  -1.2342168  -1.2428425  -1.2518633  -1.2610738
  -1.2704955  -1.2801281  -1.2896400  -1.2989499  -1.3080010  -1.3168432  -1.3255165
  -1.3340433  -1.3425112  -1.3510347  -1.3595606  -1.3679904  -1.3763501  -1.3846608
  -1.3928609  -1.4010361  -1.4093770  -1.4181343  -1.4273292  -1.4369776  -1.4471455
  -1.4576797  -1.4684268  -1.4790961  -1.4896022  -1.4998608  -1.5095849  -1.5185886
  -1.5266339  -1.5334667  -1.5391217  -1.5436012  -1.5469594  -1.5496158  -1.5518941
  -1.5540396  -1.5561285  -1.5581323  -1.5599268  -1.5612423  -1.5617184  -1.5612638
  -1.5598826  -1.5575675  -1.5545144  -1.5510799  -1.5475510  -1.5440691  -1.5406319
  -1.5371371  -1.5333103  -1.5287278  -1.5228896  -1.5156320  -1.5069181  -1.4966681
  -1.4850694  -1.4724179  -1.4588729  -1.4446622  -1.4298426  -1.4143887  -1.3983970
  -1.3818174  -1.3645188  -1.3465549  -1.3279445  -1.3086781  -1.2889235  -1.2688588
  -1.2486719  -1.2286198  -1.2087036  -1.1888805  -1.1691763  -1.1493985  -1.1292560
  -1.1086299  -1.0874635  -1.0656856  -1.0433424  -1.0205522  -0.9974254  -0.9743315
  -0.9512810  -0.9282551  -0.9055178  -0.8830256  -0.8606929  -0.8386124  -0.8167075
  -0.7949146  -0.7733011  -0.7517456  -0.7301868  -0.7087195  -0.6872689  -0.6657660
  -0.6443101  -0.6228079  -0.6011611  -0.5794145  -0.5575093  -0.5353904  -0.5131641
  -0.4908192  -0.4683191  -0.4457727  -0.4231570  -0.4004516  -0.3778159  -0.3553252
  -0.3330829  -0.3113301  -0.2900204  -0.2691017  -0.2486447  -0.2284571  -0.2083437
  -0.1882993  -0.1682218  -0.1480187  -0.1277387  -0.1072937  -0.0866013  -0.0657888
  -0.0448064  -0.0236069  -0.0023848   0.0188370   0.0400505   0.0611355   0.0821430
   0.1031271   0.1240183   0.1449155   0.1658920   0.1868574   0.2078734   0.2290036
   0.2501497   0.2713617   0.2927112   0.3141239   0.3356579   0.3573828   0.3792278
   0.4012889   0.4236735   0.4462495   0.4690363   0.4920362   0.5149690   0.5376168
   0.5597720   0.5812467   0.6021128   0.6224820   0.6425280   0.6627094
   0.0000000   0.0000000   0.0000000   0.0000000   0.0000000   0.0000000   0.0000000
   0.0000000   0.0000000   0.0000000   0.0000000   0.0000000   0.0000000   0.0000000
   0.0000000   0.0000000   0.0000000   0.0000000   0.0000000   0.0000000   0.0000000
   0.0000000   0.0000000   0.0000000   0.0000000   0.0000000   0.0000000   0.0000000
   0.0000000   0.0000000   0.0000000   0.0000000   0.0000000   0.0000000   0.0000000
   0.0000000   0.0000000   0.0000000   0.0000000   0.0000000   0.0000000   0.0000000
   0.0000000   0.0000000   0.0000000   0.0000000   0.0000000   0.0000000   0.0000000
   0.0000000   0.0000000   0.0000000   0.0000000   0.0000000   0.0000000   0.0000000
   0.0000000   0.0000000   0.0000000   0.0000000   0.0000000   0.0000000   0.0000000
   0.0000000   0.0000000   0.0000000   0.0000000   0.0000000   0.0000000   0.0000000
   0.0000000   0.0000000   0.0000000   0.0000000   0.0000000   0.0000000   0.0000000
   0.0000000   0.0000000   0.0000000   0.0000000   0.0000000   0.0000000   0.0000000
   0.0000000   0.0000000   0.0000000   0.0000000   0.0000000   0.0000000   0.0000000
   0.0000000   0.0000000   0.0000000   0.0000000   0.0000000   0.0000000   0.0000000
   0.0000000   0.0000000   0.0000000   0.0000000   0.0000000   0.0000000   0.0000000
   0.0000000   0.0000000   0.0000000   0.0000000   0.0000000   0.0000000   0.0000000
   0.0000000   0.0000000   0.0000000   0.0000000   0.0000000   0.0000000   0.0000000
   0.0000000   0.0000000   0.0000000   0.0000000   0.0000000   0.0000000   0.0000000
   0.0000000   0.0000000   0.0000000   0.0000000   0.0000000   0.0000000   0.0000000
   0.0000000   0.0000000   0.0000000   0.0000000   0.0000000   0.0000000   0.0000000
   0.0000000   0.0000000   0.0000000   0.0000000   0.0000000   0.0000000   0.0000000
   0.0000000   0.0000000   0.0000000   0.0000000   0.0000000   0.0000000   0.0000000
   0.0000000   0.0000000   0.0000000   0.0000000   0.0000000   0.0000000   0.0000000
   0.0000000   0.0000000   0.0000000   0.0000000   0.0000000   0.0000000   0.0000000
   0.0000000   0.0000000   0.0000000   0.0000000   0.0000000   0.0000000   0.0000000
   0.0000000   0.0000000   0.0000000   0.0000000   0.0000000   0.0000000   0.0000000
   0.0000000   0.0000000   0.0000000   0.0000000   0.0000000   0.0000000   0.0000000
   0.0000000   0.0000000   0.0000000   0.0000000   0.0000000   0.0000000   0.0000000
   0.0000000   0.0000000   0.0000000   0.0000000   0.0000000   0.0000000   0.0000000
   0.0000000   0.0000000   0.0000000   0.0000000   0.0000000   0.0000000
   0.2263560   0.2446211   0.2624983   0.2797791   0.2963990   0.3122595   0.3273071
   0.3415919   0.3551267   0.3679683   0.3802370   0.3919979   0.4032236   0.4139941
   0.4243709   0.4343722   0.4441745   0.4539027   0.4634275   0.4727927   0.4819842
   0.4907130   0.4988753   0.5063541   0.5131656   0.5193642   0.5249690   0.5301030
   0.5349999   0.5397209   0.5442255   0.5485399   0.5526280   0.5562931   0.5593547
   0.5616737   0.5634029   0.5646038   0.5653563   0.5660526   0.5669330   0.5682579
   0.5700593   0.5723969   0.5753917   0.5790427   0.5834485   0.5887687   0.5947485
   0.6013735   0.6086212   0.6160303   0.6233938   0.6305854   0.6377115   0.6447907
   0.6518475   0.6590890   0.6666690   0.6745503   0.6826162   0.6908676   0.6993206
   0.7078741   0.7165280   0.7254650   0.7349627   0.7450369   0.7557318   0.7672097
   0.7793788   0.7921824   0.8052812   0.8185696   0.8319558   0.8450107   0.8574084
   0.8687787   0.8787282   0.8872901   0.8944802   0.9003673   0.9055377   0.9104889
   0.9156073   0.9209999   0.9266602   0.9324644   0.9380439   0.9429331   0.9469489
   0.9500781   0.9523219   0.9538699   0.9551503   0.9565677   0.9582922   0.9603111
   0.9625006   0.9644750   0.9656236   0.9652466   0.9630227   0.9589069   0.9528267
   0.9450183   0.9359547   0.9259566   0.9153093   0.9041183   0.8923933   0.8802094
   0.8675046   0.8541537   0.8401987   0.8256753   0.8105992   0.7951324   0.7794642
   0.7638120   0.7484043   0.7332586   0.7183644   0.7037334   0.6892076   0.6745320
   0.6595321   0.6441667   0.6283906   0.6121882   0.5956924   0.5790678   0.5627182
   0.5466696   0.5309327   0.5157769   0.5011431   0.4869361   0.4731646   0.4597483
   0.4466430   0.4338531   0.4212579   0.4088348   0.3966360   0.3845975   0.3726736
   0.3609188   0.3492546   0.3376089   0.3259569   0.3142417   0.3024096   0.2904604
   0.2783325   0.2659285   0.2532624   0.2403263   0.2271144   0.2137636   0.2004257
   0.1872763   0.1745682   0.1622926   0.1504300   0.1390380   0.1279269   0.1169080
   0.1059039   0.0948402   0.0836633   0.0723913   0.0610108   0.0495299   0.0380306
   0.0264904   0.0148839   0.0032983  -0.0082441  -0.0197584  -0.0312169  -0.0426661
  -0.0541769  -0.0658101  -0.0777217  -0.0900629  -0.1027402  -0.1157798  -0.1292088
  -0.1428096  -0.1564913  -0.1702009  -0.1838561  -0.1974766  -0.2110868  -0.2246596
  -0.2383040  -0.2520843  -0.2659467  -0.2798993  -0.2939250  -0.3078419  -0.3214065
  -0.3344063  -0.3467821  -0.3586127  -0.3700504  -0.3814846  -0.3934850
   0.0000000   0.0000000   0.0000000   0.0000000   0.0000000   0.0000000   0.0000000
   0.0000000   0.0000000   0.0000000   0.0000000   0.0000000   0.0000000   0.0000000
   0.0000000   0.0000000   0.0000000   0.0000000   0.0000000   0.0000000   0.0000000
   0.0000000   0.0000000   0.0000000   0.0000000   0.0000000   0.0000000   0.0000000
   0.0000000   0.0000000   0.0000000   0.0000000   0.0000000   0.0000000   0.0000000
   0.0000000   0.0000000   0.0000000   0.0000000   0.0000000   0.0000000   0.0000000
   0.0000000   0.0000000   0.0000000   0.0000000   0.0000000   0.0000000   0.0000000
   0.0000000   0.0000000   0.0000000   0.0000000   0.0000000   0.0000000   0.0000000
   0.0000000   0.0000000   0.0000000   0.0000000   0.0000000   0.0000000   0.0000000
   0.0000000   0.0000000   0.0000000   0.0000000   0.0000000   0.0000000   0.0000000
   0.0000000   0.0000000   0.0000000   0.0000000   0.0000000   0.0000000   0.0000000
   0.0000000   0.0000000   0.0000000   0.0000000   0.0000000   0.0000000   0.0000000
   0.0000000   0.0000000   0.0000000   0.0000000   0.0000000   0.0000000   0.0000000
   0.0000000   0.0000000   0.0000000   0.0000000   0.0000000   0.0000000   0.0000000
   0.0000000   0.0000000   0.0000000   0.0000000   0.0000000   0.0000000   0.0000000
   0.0000000   0.0000000   0.0000000   0.0000000   0.0000000   0.0000000   0.0000000
   0.0000000   0.0000000   0.0000000   0.0000000   0.0000000   0.0000000   0.0000000
   0.0000000   0.0000000   0.0000000   0.0000000   0.0000000   0.0000000   0.0000000
   0.0000000   0.0000000   0.0000000   0.0000000   0.0000000   0.0000000   0.0000000
   0.0000000   0.0000000   0.0000000   0.0000000   0.0000000   0.0000000   0.0000000
   0.0000000   0.0000000   0.0000000   0.0000000   0.0000000   0.0000000   0.0000000
   0.0000000   0.0000000   0.0000000   0.0000000   0.0000000   0.0000000   0.0000000
   0.0000000   0.0000000   0.0000000   0.0000000   0.0000000   0.0000000   0.0000000
   0.0000000   0.0000000   0.0000000   0.0000000   0.0000000   0.0000000   0.0000000
   0.0000000   0.0000000   0.0000000   0.0000000   0.0000000   0.0000000   0.0000000
   0.0000000   0.0000000   0.0000000   0.0000000   0.0000000   0.0000000   0.0000000
   0.0000000   0.0000000   0.0000000   0.0000000   0.0000000   0.0000000   0.0000000
   0.0000000   0.0000000   0.0000000   0.0000000   0.0000000   0.0000000   0.0000000
   0.0000000   0.0000000   0.0000000   0.0000000   0.0000000   0.0000000   0.0000000
   0.0000000   0.0000000   0.0000000   0.0000000   0.0000000   0.0000000
   2.3333855   2.3225439   2.3111516   2.2990403   2.2858995   2.2713205   2.2553605
   2.2380095   2.2192117   2.1993248   2.1785931   2.1571279   2.1351223   2.1126338
   2.0896905   2.0664989   2.0432541   2.0201460   1.9973206   1.9747405   1.9522923
   1.9297615   1.9067752   1.8829396   1.8583075   1.8328035   1.8063193   1.7791139
   1.7513462   1.7229460   1.6940224   1.6645447   1.6344150   1.6037042   1.5723390
   1.5402978   1.5080639   1.4756300   1.4429832   1.4106352   1.3785927   1.3468732
   1.3155484   1.2845298   1.2537710   1.2233151   1.1930742   1.1629679   1.1328732
   1.1026906   1.0722824   1.0414642   1.0101165   0.9781114   0.9458307   0.9132291
   0.8802139   0.8471550   0.8140300   0.7806235   0.7470705   0.7132915   0.6792121
   0.6450731   0.6109270   0.5769492   0.5435742   0.5107063   0.4782308   0.4462985
   0.4144950   0.3824275   0.3499562   0.3169082   0.2831271   0.2486778   0.2134632
   0.1773052   0.1402302   0.1022370   0.0633176   0.0238135  -0.0158280  -0.0551802
  -0.0936856  -0.1313506  -0.1682487  -0.2043376  -0.2400712  -0.2758993  -0.3117448
  -0.3477592  -0.3840577  -0.4203530  -0.4567002  -0.4931307  -0.5294023  -0.5655676
  -0.6016182  -0.6371534  -0.6720462  -0.7060992  -0.7391448  -0.7712624  -0.8024953
  -0.8328710  -0.8626653  -0.8919994  -0.9207440  -0.9490073  -0.9768417  -1.0040565
  -1.0307111  -1.0568989  -1.0826050  -1.1079178  -1.1328793  -1.1574053  -1.1814798
  -1.2050124  -1.2277160  -1.2496659  -1.2709184  -1.2913459  -1.3112621  -1.3308476
  -1.3499577  -1.3686826  -1.3869997  -1.4045211  -1.4211177  -1.4366249  -1.4511970
  -1.4649322  -1.4778902  -1.4903898  -1.5027232  -1.5150093  -1.5271447  -1.5391802
  -1.5511403  -1.5628170  -1.5741645  -1.5852187  -1.5959700  -1.6064560  -1.6166788
  -1.6265875  -1.6361870  -1.6454231  -1.6541699  -1.6624428  -1.6702199  -1.6773758
  -1.6839046  -1.6896502  -1.6944510  -1.6983815  -1.7014822  -1.7038101  -1.7057573
  -1.7077318  -1.7101461  -1.7130670  -1.7164904  -1.7203813  -1.7243838  -1.7280646
  -1.7311078  -1.7334452  -1.7350216  -1.7358013  -1.7359452  -1.7355970  -1.7348445
  -1.7337303  -1.7322424  -1.7303762  -1.7280682  -1.7252090  -1.7218103  -1.7179136
  -1.7135609  -1.7089280  -1.7042407  -1.6997012  -1.6953858  -1.6913337  -1.6875703
  -1.6840242  -1.6806609  -1.6774625  -1.6744258  -1.6715232  -1.6687047  -1.6658704
  -1.6629624  -1.6598487  -1.6565119  -1.6528913  -1.6488699  -1.6443458  -1.6390915
  -1.6328135  -1.6255885  -1.6174296  -1.6083593  -1.5988071  -1.5892094
   0.0000000   0.0000000   0.0000000   0.0000000   0.0000000   0.0000000   0.0000000
   0.0000000   0.0000000   0.0000000   0.0000000   0.0000000   0.0000000   0.0000000
   0.0000000   0.0000000   0.0000000   0.0000000   0.0000000   0.0000000   0.0000000
   0.0000000   0.0000000   0.0000000   0.0000000   0.0000000   0.0000000   0.0000000
   0.0000000   0.0000000   0.0000000   0.0000000   0.0000000   0.0000000   0.0000000
   0.0000000   0.0000000   0.0000000   0.0000000   0.0000000   0.0000000   0.0000000
   0.0000000   0.0000000   0.0000000   0.0000000   0.0000000   0.0000000   0.0000000
   0.0000000   0.0000000   0.0000000   0.0000000   0.0000000   0.0000000   0.0000000
   0.0000000   0.0000000   0.0000000   0.0000000   0.0000000   0.0000000   0.0000000
   0.0000000   0.0000000   0.0000000   0.0000000   0.0000000   0.0000000   0.0000000
   0.0000000   0.0000000   0.0000000   0.0000000   0.0000000   0.0000000   0.0000000
   0.0000000   0.0000000   0.0000000   0.0000000   0.0000000   0.0000000   0.0000000
   0.0000000   0.0000000   0.0000000   0.0000000   0.0000000   0.0000000   0.0000000
   0.0000000   0.0000000   0.0000000   0.0000000   0.0000000   0.0000000   0.0000000
   0.0000000   0.0000000   0.0000000   0.0000000   0.0000000   0.0000000   0.0000000
   0.0000000   0.0000000   0.0000000   0.0000000   0.0000000   0.0000000   0.0000000
   0.0000000   0.0000000   0.0000000   0.0000000   0.0000000   0.0000000   0.0000000
   0.0000000   0.0000000   0.0000000   0.0000000   0.0000000   0.0000000   0.0000000
   0.0000000   0.0000000   0.0000000   0.0000000   0.0000000   0.0000000   0.0000000
   0.0000000   0.0000000   0.0000000   0.0000000   0.0000000   0.0000000   0.0000000
   0.0000000   0.0000000   0.0000000   0.0000000   0.0000000   0.0000000   0.0000000
   0.0000000   0.0000000   0.0000000   0.0000000   0.0000000   0.0000000   0.0000000
   0.0000000   0.0000000   0.0000000   0.0000000   0.0000000   0.0000000   0.0000000
   0.0000000   0.0000000   0.0000000   0.0000000   0.0000000   0.0000000   0.0000000
   0.0000000   0.0000000   0.0000000   0.0000000   0.0000000   0.0000000   0.0000000
   0.0000000   0.0000000   0.0000000   0.0000000   0.0000000   0.0000000   0.0000000
   0.0000000   0.0000000   0.0000000   0.0000000   0.0000000   0.0000000   0.0000000
   0.0000000   0.0000000   0.0000000   0.0000000   0.0000000   0.0000000   0.0000000
   0.0000000   0.0000000   0.0000000   0.0000000   0.0000000   0.0000000   0.0000000
   0.0000000   0.0000000   0.0000000   0.0000000   0.0000000   0.0000000
  -0.4493238  -0.4487147  -0.4480861  -0.4472687  -0.4460414  -0.4441562  -0.4416190
  -0.4384325  -0.4345964  -0.4303342  -0.4258321  -0.4212212  -0.4165882  -0.4119757
  -0.4074306  -0.4030205  -0.3988381  -0.3950111  -0.3915500  -0.3884323  -0.3856078
  -0.3828731  -0.3799997  -0.3767676  -0.3731340  -0.3690579  -0.3644833  -0.3594789
  -0.3541075  -0.3482891  -0.3420004  -0.3352473  -0.3280047  -0.3203094  -0.3122290
  -0.3038667  -0.2955054  -0.2871734  -0.2788887  -0.2708682  -0.2630682  -0.2554606
  -0.2479878  -0.2406090  -0.2333094  -0.2260473  -0.2187766  -0.2114547  -0.2039537
  -0.1962605  -0.1883501  -0.1801405  -0.1716801  -0.1630168  -0.1543515  -0.1457144
  -0.1371229  -0.1287506  -0.1206422  -0.1127787  -0.1052044  -0.0979013  -0.0908710
  -0.0841493  -0.0777375  -0.0717243  -0.0662419  -0.0612406  -0.0566747  -0.0525189
  -0.0485346  -0.0444999  -0.0402736  -0.0357815  -0.0309701  -0.0258487  -0.0204247
  -0.0146729  -0.0085738  -0.0021448   0.0045970   0.0115557   0.0185609   0.0254229
   0.0319570   0.0381460   0.0439903   0.0494892   0.0547843   0.0600176   0.0652551
   0.0705423   0.0759143   0.0813783   0.0869824   0.0927634   0.0986737   0.1046973
   0.1107917   0.1167736   0.1224744   0.1277089   0.1323939   0.1365208   0.1400638
   0.1430739   0.1456575   0.1478430   0.1496428   0.1510912   0.1521936   0.1529625
   0.1534288   0.1536214   0.1535914   0.1533740   0.1529933   0.1525100   0.1519654
   0.1514102   0.1508425   0.1502818   0.1497494   0.1492312   0.1487893   0.1484374
   0.1480777   0.1476993   0.1472532   0.1465356   0.1454205   0.1437802   0.1417446
   0.1393380   0.1365803   0.1337360   0.1309806   0.1284170   0.1260885   0.1239969
   0.1221475   0.1204897   0.1189320   0.1174659   0.1160953   0.1147964   0.1135497
   0.1123427   0.1111013   0.1097626   0.1082657   0.1065977   0.1047547   0.1027493
   0.1006110   0.0983091   0.0957730   0.0930412   0.0901606   0.0871866   0.0843541
   0.0819570   0.0802679   0.0793092   0.0790855   0.0795599   0.0804593   0.0815067
   0.0825173   0.0834238   0.0841977   0.0848368   0.0854047   0.0859818   0.0866013
   0.0872727   0.0880078   0.0888255   0.0897153   0.0906923   0.0917725   0.0929607
   0.0942782   0.0957566   0.0973893   0.0992005   0.1011523   0.1032542   0.1055435
   0.1080252   0.1107568   0.1138236   0.1171954   0.1208827   0.1249083   0.1291938
   0.1337520   0.1386052   0.1437313   0.1491100   0.1547085   0.1603952   0.1659922
   0.1713250   0.1763760   0.1811527   0.1856971   0.1902179   0.1949630
   0.0000000   0.0000000   0.0000000   0.0000000   0.0000000   0.0000000   0.0000000
   0.0000000   0.0000000   0.0000000   0.0000000   0.0000000   0.0000000   0.0000000
   0.0000000   0.0000000   0.0000000   0.0000000   0.0000000   0.0000000   0.0000000
   0.0000000   0.0000000   0.0000000   0.0000000   0.0000000   0.0000000   0.0000000
   0.0000000   0.0000000   0.0000000   0.0000000   0.0000000   0.0000000   0.0000000
   0.0000000   0.0000000   0.0000000   0.0000000   0.0000000   0.0000000   0.0000000
   0.0000000   0.0000000   0.0000000   0.0000000   0.0000000   0.0000000   0.0000000
   0.0000000   0.0000000   0.0000000   0.0000000   0.0000000   0.0000000   0.0000000
   0.0000000   0.0000000   0.0000000   0.0000000   0.0000000   0.0000000   0.0000000
   0.0000000   0.0000000   0.0000000   0.0000000   0.0000000   0.0000000   0.0000000
   0.0000000   0.0000000   0.0000000   0.0000000   0.0000000   0.0000000   0.0000000
   0.0000000   0.0000000   0.0000000   0.0000000   0.0000000   0.0000000   0.0000000
   0.0000000   0.0000000   0.0000000   0.0000000   0.0000000   0.0000000   0.0000000
   0.0000000   0.0000000   0.0000000   0.0000000   0.0000000   0.0000000   0.0000000
   0.0000000   0.0000000   0.0000000   0.0000000   0.0000000   0.0000000   0.0000000
   0.0000000   0.0000000   0.0000000   0.0000000   0.0000000   0.0000000   0.0000000
   0.0000000   0.0000000   0.0000000   0.0000000   0.0000000   0.0000000   0.0000000
   0.0000000   0.0000000   0.0000000   0.0000000   0.0000000   0.0000000   0.0000000
   0.0000000   0.0000000   0.0000000   0.0000000   0.0000000   0.0000000   0.0000000
   0.0000000   0.0000000   0.0000000   0.0000000   0.0000000   0.0000000   0.0000000
   0.0000000   0.0000000   0.0000000   0.0000000   0.0000000   0.0000000   0.0000000
   0.0000000   0.0000000   0.0000000   0.0000000   0.0000000   0.0000000   0.0000000
   0.0000000   0.0000000   0.0000000   0.0000000   0.0000000   0.0000000   0.0000000
   0.0000000   0.0000000   0.0000000   0.0000000   0.0000000   0.0000000   0.0000000
   0.0000000   0.0000000   0.0000000   0.0000000   0.0000000   0.0000000   0.0000000
   0.0000000   0.0000000   0.0000000   0.0000000   0.0000000   0.0000000   0.0000000
   0.0000000   0.0000000   0.0000000   0.0000000   0.0000000   0.0000000   0.0000000
   0.0000000   0.0000000   0.0000000   0.0000000   0.0000000   0.0000000   0.0000000
   0.0000000   0.0000000   0.0000000   0.0000000   0.0000000   0.0000000   0.0000000
   0.0000000   0.0000000   0.0000000   0.0000000   0.0000000   0.0000000
 0.3562487  0.2875261      ! Amplitude Factors
 18.0                      ! Antenna Bearing
 PTWN                      ! Site Code
 42.0795333  -70.2211167   ! Site Lat Lon
 1.0                       ! Degree Resolution
 30.0                      ! Degree Smoothing
 2017 01 24  21 54 46      ! Date Year Mo Day Hr Mn Sec
 Acq4.0---noise problem required heavy smoothing, need to redo with larger bdly
 558F8423-1698-4E58-91C9-066BD39BD9C2   ! UUID
 149.3      176.5          ! Phase Corrections
